Time	Free (m^2)	Occupied(m^2)	Explored Ratio	Explore Rate (m^2/s)	r1 dist (m)	r2 dist (m)	r3 dist (m)	
2.407	44.57	2.32	0.12504	15630	0	0	0	
3.435	44.51	2.38	0.12504	0	0.00220966	0	0.000437507	
4.396	44.51	2.38	0.12504	0	0.00220966	0.00220985	0.000437507	
5.53	55.48	2.82	0.155467	11.4673	0.171105	0.00784355	0.00206036	
6.562	55.48	2.82	0.155467	0	0.611731	0.183487	0.00362279	
7.473	58.21	3.12	0.163547	3.03	0.611731	0.183487	0.00362279	
8.442	58.21	3.12	0.163547	0	1.03094	0.611781	0.0197553	
9.442	72.97	3.86	0.20488	15.5	1.41348	0.990331	0.366889	
10.404	72.97	3.86	0.20488	0	1.69626	1.39183	0.775389	
11.519	73.5	4.05	0.2068	0.720001	1.69626	1.39183	0.775389	
12.519	73.5	4.05	0.2068	0	2.02016	1.81334	1.1705	
13.614	89.57	5.55	0.253653	17.57	2.41461	2.20187	1.55314	
14.595	89.57	5.55	0.253653	0	2.83906	2.60813	1.97506	
15.634	90.34	5.68	0.256053	0.899994	2.83906	2.60813	1.97506	
16.487	90.34	5.68	0.256053	0	3.07212	3.0062	2.35674	
17.574	91.41	5.71	0.258987	1.1	3.15853	3.39729	2.75695	
18.478	92.64	5.99	0.263013	1.51	3.54519	3.78835	3.17919	
19.535	98.77	5.86	0.279013	6	3.54519	3.78835	3.17919	
20.578	100.04	6.19	0.28328	1.60001	3.93539	4.21762	3.55373	
21.577	112.16	6.63	0.316773	12.56	4.3477	4.60398	3.96065	
22.703	124.24	7.08	0.350187	12.53	4.73346	4.98267	4.37983	
23.651	124.49	7.12	0.35096	0.289993	4.73346	4.98267	4.69658	
24.527	131.04	7.37	0.369093	6.8	5.10785	5.40338	4.69658	
25.565	131.28	7.4	0.369813	0.270004	5.50946	5.80698	5.20165	
26.722	131.74	8	0.37264	1.06	5.50946	6.18172	5.20165	
27.612	131.74	8	0.37264	0	5.9729	6.18172	5.63174	
28.502	133.31	8.17	0.37728	1.73653	6.32098	6.5356	6.05998	
29.531	133.31	8.17	0.37728	0	6.75296	6.99561	6.32549	
30.534	137.76	8.5	0.390027	4.78	6.75296	7.40078	6.40492	
31.56	137.76	8.5	0.390027	0	7.20012	7.40078	6.40492	
32.486	163.88	11.04	0.466453	28.66	7.55992	7.87018	6.54051	
33.501	163.88	11.04	0.466453	0	7.90541	8.27528	6.95336	
34.55	169.5	12.67	0.485787	7.25	7.90541	8.5885	6.95336	
35.598	169.5	12.67	0.485787	0	8.34748	8.5885	7.4443	
36.7	176.75	13.24	0.50664	7.86721	8.694	9.01393	7.74874	
37.766	176.75	13.24	0.50664	0	8.98284	9.39526	8.16069	
38.575	185.73	13.72	0.531867	9.45999	9.03983	9.6335	8.54911	
39.555	185.64	13.81	0.531867	0	9.03983	9.6335	8.87579	
40.534	186.8	13.97	0.535387	1.32001	9.17245	9.9692	8.87579	
41.624	194.55	13.08	0.55368	6.86	9.56238	10.4348	9.41791	
42.631	194.55	13.08	0.55368	0	9.94901	10.7587	9.41791	
43.514	194.62	13.11	0.553947	0.100091	9.94901	10.7587	9.78779	
44.579	194.62	13.11	0.553947	0	10.3562	11.1015	10.1209	
45.57	195.03	13.32	0.5556	0.62001	10.7894	11.2057	10.538	
46.729	195.39	13.35	0.55664	0.38961	11.1359	11.2057	10.9175	
47.677	196.32	13.48	0.559467	1.06104	11.1359	11.5677	10.9175	
48.605	196.44	13.51	0.559867	0.150009	11.5113	12.0751	11.3685	
49.724	200.2	13.88	0.57088	4.13	11.7323	12.0751	11.7706	
50.719	200.5	13.94	0.57184	0.360001	11.7323	12.3877	12.1446	
51.66	227.56	14.82	0.646347	27.94	12.1608	12.3909	12.1446	
52.577	227.56	14.82	0.646347	0	12.5396	12.3909	12.5595	
53.502	227.76	15.29	0.648133	0.669998	12.8818	12.3925	12.9649	
54.636	227.76	15.29	0.648133	0	13.3247	12.3925	13.3546	
55.612	227.25	15.87	0.64832	0.0699221	13.3247	12.4013	13.3546	
56.854	227.25	15.87	0.64832	0	13.6889	12.4443	13.6733	
57.564	227.36	15.89	0.648667	0.130005	13.9542	12.4443	13.7306	
58.563	227.36	15.89	0.648667	0	13.965	12.5803	13.7369	
59.758	227.42	15.93	0.648933	0.0999062	13.965	12.9463	13.7369	
60.558	227.43	15.92	0.648933	0	13.9726	12.9463	13.7404	
61.587	227.42	15.95	0.648987	0.019989	13.9773	13.4202	13.7661	
62.756	227.42	15.95	0.648987	0	13.9773	13.8007	13.8413	
63.721	227.91	16.31	0.651253	0.851709	13.9788	14.1417	13.8413	
64.58	227.93	16.29	0.651253	1.52588e-05	14.0224	14.5355	14.1422	
65.469	227.96	16.48	0.65184	0.219986	14.1182	14.5355	14.485	
66.561	228.02	16.48	0.652	0.0599976	14.222	14.9054	14.5701	
67.604	228	16.54	0.652107	0.0399533	14.222	15.2538	14.5701	
68.592	227.99	16.55	0.652107	1.52741e-05	14.4599	15.6159	14.9477	
69.611	228.2	16.57	0.65272	0.229996	14.8387	15.9359	15.3202	
70.551	228.24	16.53	0.65272	0	14.8387	16.3369	15.3202	
71.567	228.55	16.34	0.65304	0.119995	15.3066	16.3369	15.7695	
72.606	228.55	16.34	0.65304	0	15.6469	16.7542	15.9881	
73.596	228.55	16.34	0.65304	0	16.0716	17.1507	16.0328	
74.568	228.63	16.26	0.65304	0	16.4716	17.5332	16.1545	
75.657	228.62	16.28	0.653067	0.00999451	16.4716	17.5332	16.1545	
76.655	228.62	16.28	0.653067	0	16.8126	17.9347	16.4664	
77.485	228.6	16.31	0.653093	0.0100098	17.2681	18.2621	16.7751	
78.489	228.56	16.35	0.653093	0	17.6587	18.2674	16.7914	
79.52	228.41	16.5	0.653093	0	17.6587	18.2674	16.7914	
80.61	228.48	16.43	0.653093	-1.53047e-05	18.0489	18.2727	16.8605	
81.583	228.42	16.49	0.653093	1.52588e-05	18.4634	18.2754	17.2553	
82.575	228.5	16.43	0.653147	0.0200043	18.8682	18.2784	17.6478	
83.582	228.48	16.45	0.653147	-1.52588e-05	18.8682	18.2784	17.6478	
84.543	228.76	16.33	0.653573	0.160004	19.2451	18.2833	18.0146	
85.469	228.78	16.36	0.653707	0.0499531	19.6371	18.285	18.4389	
86.595	228.84	16.34	0.653813	0.0400333	19.9114	18.2896	18.8642	
87.583	228.82	16.36	0.653813	1.52588e-05	19.9114	18.2896	18.8642	
88.683	228.84	16.36	0.653867	0.019989	20.2576	18.2943	19.2158	
89.726	228.84	16.36	0.653867	0	20.6782	18.3021	19.6165	
90.621	228.88	16.35	0.653947	0.0299841	21.0599	18.3068	20.0247	
91.579	228.86	16.37	0.653947	-1.52588e-05	21.0599	18.3068	20.0247	
92.589	228.9	16.34	0.653973	0.0100045	21.4501	18.3148	20.4281	
93.678	228.9	16.34	0.653973	0	21.8732	18.3256	20.8214	
94.689	229.24	16.38	0.654987	0.380401	21.8732	18.404	21.1626	
95.694	229.24	16.38	0.654987	0	22.317	18.404	21.1626	
96.65	229.22	16.4	0.654987	0	22.6532	18.6751	21.604	
97.807	229.22	16.4	0.654987	0	23.1141	19.0292	22.0769	
98.631	229.12	16.5	0.654987	-1.52435e-05	23.4278	19.2836	22.4321	
99.661	229.12	16.5	0.654987	0	23.4278	19.2836	22.4321	
100.647	229.1	16.52	0.654987	1.52588e-05	23.8844	19.2918	22.8027	
101.551	229.1	16.52	0.654987	0	24.2483	19.2971	23.2013	
102.688	229.1	16.52	0.654987	0	24.6439	19.3086	23.5796	
103.589	229.45	17.63	0.65888	1.45999	24.6439	19.3086	23.5796	
104.506	229.45	17.63	0.65888	0	25.0884	19.3133	24.052	
105.673	230.27	17.79	0.661493	0.980011	25.4437	19.3195	24.3759	
106.644	231.94	18.27	0.667227	2.14999	25.4437	19.3216	24.3759	
107.643	231.93	18.28	0.667227	0	25.8979	19.3216	24.8698	
108.678	231.93	18.28	0.667227	0	26.2097	19.3221	25.2302	
109.536	237.94	17.81	0.682	5.53999	26.5455	19.3297	25.6032	
110.68	237.94	17.81	0.682	0	26.5489	19.3297	25.9641	
111.678	243.24	17.83	0.696187	5.31999	26.5489	19.3374	25.9641	
