Time	Free (m^2)	Occupied(m^2)	Explored Ratio	Explore Rate (m^2/s)	r1 dist (m)	r2 dist (m)	r3 dist (m)	
1.839	23.33	1.84	0.04195	25170	0	0	0	
2.834	23.31	1.86	0.04195	0	0	3.4862e-07	0	
3.851	23.31	1.86	0.04195	0	0.00104463	3.4862e-07	0.000905244	
4.962	28.32	3.17	0.0524833	6.30738	0.216225	0.00156282	0.00246984	
5.899	28.32	3.17	0.0524833	0	0.216225	0.104608	0.0046793	
6.908	34.29	3.43	0.0628667	6.23	0.731862	0.399377	0.0787731	
7.885	37.57	4.26	0.0697167	4.09771	1.07807	0.712562	0.235325	
8.931	37.59	4.24	0.0697167	3.81852e-06	1.48381	0.983676	0.245115	
9.895	37.93	4.27	0.0703333	0.37074	1.48381	1.21481	0.246862	
10.93	37.93	4.27	0.0703333	0	1.7191	1.30491	0.299396	
12.022	51.85	5.82	0.0961167	15.47	1.75542	1.51159	0.385468	
13.044	52.19	5.82	0.0966833	0.34	1.85112	1.54981	0.546242	
13.995	59.85	6.24	0.11015	8.08	1.85112	1.56685	0.719264	
14.9	60.78	6.81	0.11265	1.5	2.04784	1.60494	1.02605	
15.948	60.74	7.17	0.113183	0.31968	2.2905	1.78174	1.30485	
17.018	60.74	7.17	0.113183	0	2.5309	2.1153	1.62487	
18.021	61.47	7.75	0.115367	1.31001	2.5309	2.4132	1.92613	
18.897	61.47	7.75	0.115367	0	2.89635	2.74128	2.19364	
19.905	61.8	8.07	0.11645	0.649345	3.38508	3.00983	2.53414	
20.899	61.8	8.07	0.11645	0	3.7052	3.28771	2.86239	
21.91	63.85	8.33	0.1203	2.31001	3.7052	3.6061	3.12448	
22.996	63.85	8.33	0.1203	0	4.16856	3.8895	3.30512	
23.963	66.15	9.11	0.125433	3.07999	4.52164	4.16598	3.36615	
25.027	66.15	9.11	0.125433	0	4.89752	4.5182	3.50542	
25.951	66.42	9.96	0.1273	1.12	4.89752	4.82691	3.73383	
26.998	66.42	9.96	0.1273	0	5.19474	5.09629	3.98829	
27.961	66.53	10.3	0.12805	0.450005	5.20031	5.35165	4.06299	
28.974	66.79	10.52	0.12885	0.479988	5.27379	5.69503	4.16278	
29.936	67.12	10.72	0.129733	0.530006	5.27379	5.98641	4.47311	
30.987	67.02	10.82	0.129733	0	5.59837	6.27884	4.71351	
31.938	67.54	10.93	0.130783	0.629375	5.87623	6.59386	4.75003	
32.979	67.51	10.96	0.130783	-7.63703e-06	6.21638	6.84705	4.83993	
33.965	67.84	11.07	0.131517	0.440002	6.21638	7.19299	5.13594	
34.944	67.83	11.08	0.131517	0	6.65073	7.48921	5.34742	
35.989	70.67	11.64	0.137183	3.41366	7.07697	7.79393	5.43754	
36.957	70.67	11.64	0.137183	0	7.43648	8.05685	5.63045	
37.917	82.07	12.5	0.157617	12.2969	7.43648	8.27174	5.91115	
39.008	82.07	12.5	0.157617	0	7.79737	8.27972	6.23024	
39.986	82.03	12.57	0.157667	0.0299988	8.31247	8.45181	6.51732	
41.03	83.95	12.8	0.16125	2.15	8.62522	8.6998	6.79348	
41.927	83.86	12.89	0.16125	0	8.62522	8.90836	7.10378	
43.112	83.9	13.11	0.161683	0.260002	8.86792	8.94783	7.41484	
43.929	83.86	13.15	0.161683	0	9.33151	9.18468	7.71751	
45.015	85.3	13.47	0.164617	1.75999	9.62016	9.526	7.98758	
46.047	85.45	13.32	0.164617	0	9.62016	9.7267	8.30199	
46.958	85.29	13.49	0.164633	0.0100021	10.0292	9.73121	8.51943	
48	85.29	13.49	0.164633	0	10.2607	9.767	8.5287	
48.885	85.44	13.84	0.165467	0.500501	10.3017	10.0063	8.5358	
49.929	85.44	13.84	0.165467	0	10.3017	10.208	8.63844	
51.015	85.38	13.9	0.165467	0	10.5514	10.2282	8.81698	
51.956	85.38	13.9	0.165467	0	11.0377	10.4176	9.06663	
53.013	85.47	13.91	0.165633	0.0999062	11.3385	10.5661	9.32877	
53.99	85.47	13.91	0.165633	0	11.3385	10.8296	9.67671	
55.022	85.41	13.97	0.165633	-7.62939e-06	11.7616	11.1206	9.95319	
56.036	86.44	14.18	0.1677	1.24	12.2458	11.4142	10.2549	
56.979	86.69	14.39	0.168467	0.459999	12.6033	11.6938	10.5204	
58.003	92.49	14.89	0.178967	6.25	12.6033	12.039	10.8374	
58.953	92.63	15.03	0.179433	0.282257	12.9378	12.3353	11.1537	
59.938	124.22	16.04	0.233767	32.5674	13.4506	12.6335	11.4413	
60.955	124.39	16.15	0.234233	0.27944	13.7563	12.9082	11.7172	
62.061	125.81	16.35	0.236933	1.62487	13.7563	13.2279	12.0314	
62.972	125.8	16.45	0.237083	0.0900116	14.1629	13.55	12.32	
63.983	126.33	16.69	0.238367	0.769989	14.6607	14.0563	12.632	
64.961	126.92	16.82	0.239567	0.720001	14.9654	14.0563	12.944	
65.927	127.75	16.94	0.24115	0.949997	14.9654	14.4167	13.2606	
67.063	130.5	17.24	0.246233	3.05002	15.3928	14.7124	13.541	
68.104	131.71	17.45	0.2486	1.41998	15.8076	15.0646	13.8338	
68.937	132.16	17.67	0.249717	0.669998	16.0225	15.2917	14.1132	
69.963	134.86	17.98	0.254733	3.01001	16.0225	15.5754	14.4602	
70.908	134.91	18.03	0.2549	0.0997913	16.134	15.5835	14.7414	
72.1	144.04	19.02	0.271767	10.1099	16.4396	15.6224	15.031	
73.024	144.04	19.05	0.271817	0.030089	16.8003	15.8714	15.2835	
74.014	147.82	19.45	0.278783	4.17999	16.8003	16.0939	15.6556	
74.952	147.82	19.45	0.278783	0	17.1363	16.1354	15.9844	
75.965	148.35	19.62	0.27995	0.703515	17.644	16.203	16.2976	
77.032	148.35	19.62	0.27995	0	17.942	16.4833	16.5658	
77.976	148.96	19.84	0.281333	0.830002	17.942	16.8086	16.8455	
79.22	148.96	19.84	0.281333	0	18.331	17.1019	17.1709	
80.001	149.91	19.98	0.28315	1.09	18.8143	17.4126	17.4624	
81.078	149.91	19.98	0.28315	0	19.1324	17.7136	17.7535	
82.045	151.23	20.18	0.285683	1.52154	19.1324	17.9577	18.0563	
83.039	151.23	20.18	0.285683	0	19.503	17.9752	18.3581	
84.08	151.52	20.34	0.286433	0.449982	20.0084	17.994	18.6683	
85.024	151.52	20.34	0.286433	0	20.3313	18.0815	18.9274	
86.049	151.46	20.42	0.286467	0.0200043	20.3313	18.4011	19.2363	
86.91	151.43	20.45	0.286467	0	20.6975	18.6429	19.5937	
87.956	151.27	20.7	0.286617	0.0899963	21.0928	18.9599	19.9033	
88.963	151.27	20.7	0.286617	0	21.379	19.2473	20.1876	
90.008	151.27	20.73	0.286667	0.0299988	21.379	19.5195	20.4409	
91.004	151.13	20.89	0.2867	0.0200043	21.7738	19.5485	20.7583	
91.951	151.18	20.97	0.286917	0.130005	22.2026	19.6104	21.0252	
93.04	151.18	20.97	0.286917	0	22.5766	19.8336	21.2718	
94.169	151.17	20.98	0.286917	0	22.5766	20.2057	21.2776	
94.992	151.15	21.01	0.286933	0.00999451	22.9724	20.4834	21.2807	
95.965	151.17	20.99	0.286933	1.52588e-05	23.4401	20.8395	21.283	
96.985	151.17	20.99	0.286933	0	23.7614	21.08	21.2848	
97.999	151.32	21.45	0.28795	0.609985	23.7614	21.3905	21.287	
99.081	151.28	21.5	0.287967	0.00995997	24.1652	21.6721	21.2892	
100.017	152.58	21.86	0.290733	1.66835	24.4464	21.9488	21.2907	
101.13	152.58	21.86	0.290733	0	24.7498	22.2297	21.2923	
102.014	154.92	22.17	0.29515	2.6447	24.7498	22.6166	21.2947	
102.918	154.92	22.17	0.29515	0	25.1436	22.8265	21.3003	
103.92	157.25	22.7	0.299917	2.86	25.5414	23.1485	21.3034	
105.066	157.25	22.7	0.299917	0	25.7877	23.4556	21.3034	
106.028	162.58	23.08	0.309433	5.71001	25.7877	23.7553	21.3034	
107.001	162.58	23.08	0.309433	0	26.2189	24.0566	21.3081	
108.022	162.58	23.16	0.309567	0.0800018	26.6148	24.3092	21.4183	
109.04	176.48	23.54	0.333367	14.28	26.9765	24.6485	21.5164	
110.069	176.48	23.54	0.333367	0	26.9765	24.9993	21.7668	
111.039	176.16	24.1	0.333767	0.240005	27.3666	25.257	22.0501	
111.968	176.4	24.37	0.334617	0.509979	27.6338	25.5106	22.0558	
113.085	176.64	24.66	0.3355	0.530014	27.6427	25.8221	22.0637	
114.082	177.04	24.76	0.336333	0.5	27.6427	26.1417	22.0683	
114.959	178.45	25.03	0.339133	1.67999	27.8957	26.4359	22.0944	
115.952	178.45	25.03	0.339133	0	28.2702	26.7069	22.3187	
117.012	181.28	25.33	0.34435	3.13	28.6087	27.0246	22.6116	
117.996	181.28	25.33	0.34435	0	28.6087	27.3687	22.9013	
119.006	186.05	25.92	0.353283	5.36	28.9661	27.6165	23.2373	
120.11	186.05	25.92	0.353283	0	29.3344	27.9636	23.5005	
120.963	186.07	25.93	0.353333	0.0299988	29.6575	28.2197	23.7371	
121.978	186.78	25.89	0.35445	0.669998	29.6575	28.232	24.1069	
123.005	186.84	25.89	0.35455	0.0599976	30.0268	28.2454	24.4167	
124.077	186.19	26.01	0.353667	-0.529999	30.545	28.4275	24.7518	
124.941	191.08	26.26	0.362233	5.12464	30.8232	28.7196	25.0257	
125.975	191.08	26.26	0.362233	0	30.8232	29.0494	25.3956	
127.056	192.16	26.34	0.364167	1.15999	31.3218	29.3768	25.6677	
127.992	191.97	26.53	0.364167	0	31.6652	29.6961	25.9865	
129.178	192.89	26.63	0.365867	1.02	31.9573	29.9186	26.2479	
130.11	192.67	26.85	0.365867	0	31.9573	30.0643	26.5206	
131.054	192.65	26.87	0.365867	0	32.2954	30.1892	26.8737	
132.034	192.79	26.9	0.36615	0.170153	32.7628	30.4376	27.1399	
133.065	192.79	26.9	0.36615	0	33.0812	30.7034	27.413	
134.134	193.06	26.77	0.366383	0.140015	33.0812	31.0848	27.7137	
135.005	193.06	26.77	0.366383	0	33.4567	31.3749	27.9975	
136.025	193.19	26.81	0.366667	0.169828	33.9628	31.8667	28.3354	
137.099	193.19	26.83	0.3667	0.0200043	34.2716	31.8667	28.6465	
137.986	193.63	26.86	0.367483	0.470472	34.2716	32.2254	28.9175	
138.959	197.71	27.02	0.37455	4.23999	34.6887	32.5146	29.232	
139.965	199.1	27.14	0.377067	1.51001	35.1858	32.8005	29.5146	
141.022	199.1	27.14	0.377067	0	35.4896	33.0961	29.8113	
142.056	205.71	28.03	0.389567	7.5	35.4896	33.4348	30.1174	
143.163	205.71	28.03	0.389567	0	35.8577	33.7434	30.4118	
144.14	215.7	28.74	0.4074	10.7	36.3785	34.0118	30.7241	
144.97	215.7	28.74	0.4074	0	36.6881	34.261	31.0024	
146.06	221.68	29.29	0.418283	6.51698	36.6881	34.5757	31.3104	
146.918	221.68	29.29	0.418283	0	37.0759	34.8537	31.6069	
148.004	224.88	30.02	0.424833	3.92607	37.5751	35.1717	31.8876	
149.009	224.88	30.02	0.424833	0	37.872	35.4478	32.1749	
149.936	224.85	30.41	0.425433	0.360001	37.872	35.6055	32.4586	
150.945	224.85	30.41	0.425433	0	38.3312	35.6471	32.7565	
152.057	224.75	30.51	0.425433	-1.52588e-05	38.745	35.7896	33.0558	
153.02	225.07	30.55	0.426033	0.360016	39.1023	35.7896	33.3539	
154.05	230.28	30.91	0.435317	5.56998	39.1023	35.9856	33.663	
155.266	230.28	30.91	0.435317	0	39.4683	36.2636	33.9246	
155.962	230.3	30.93	0.435383	0.0399287	39.9831	36.5638	34.271	
157.036	230.62	31.06	0.436133	0.450463	40.2852	36.7845	34.5965	
157.979	230.62	31.06	0.436133	0	40.2852	37.1356	34.9853	
158.933	230.93	31.1	0.436717	0.350006	40.6544	37.4728	35.2757	
160.033	230.93	31.12	0.43675	0.0199292	41.1192	37.7625	35.5832	
160.955	231.05	31.14	0.436983	0.140436	41.4914	38.0311	35.9124	
162.037	231.05	31.15	0.437	0.00997925	41.4914	38.3061	36.1895	
162.991	231.36	31.17	0.43755	0.330017	41.9241	38.6101	36.4665	
164.092	231.36	31.19	0.437583	0.019989	42.3195	38.8945	36.7429	
165.255	234.01	31.33	0.442233	2.79001	42.7142	39.1836	36.9738	
165.947	234.01	31.33	0.442233	0	42.7142	39.4933	37.2609	
166.984	238.82	31.87	0.45115	5.35001	43.0542	39.8141	37.586	
168.081	238.82	31.87	0.45115	0	43.5692	40.1135	37.8844	
169.091	242.22	32.35	0.457617	3.87997	43.8728	40.3647	38.1664	
170.04	242.22	32.35	0.457617	0	43.8728	40.666	38.438	
171.014	243.89	32.96	0.461417	2.28	44.1132	40.9668	38.7689	
172.053	243.9	32.95	0.461417	3.05176e-05	44.1461	41.2468	39.0824	
172.941	243.9	32.95	0.461417	0	44.1818	41.5095	39.3565	
173.994	243.85	33.17	0.4617	0.169983	44.1818	41.84	39.6969	
175.083	244.22	33.29	0.462517	0.48999	44.555	42.1499	39.959	
176.018	244.22	33.29	0.462517	0	44.9323	42.6775	39.9687	
177.054	244.2	33.31	0.462517	0	45.2922	42.6775	39.9781	
178.075	244.43	33.29	0.462867	0.210022	45.2922	43.0409	39.9829	
179.025	244.22	33.5	0.462867	0	45.6599	43.3339	40.0199	
180.063	244.3	33.5	0.463	0.0799866	46.1639	43.6343	40.2845	
180.911	247.13	33.8	0.468217	3.13	46.4944	43.9063	40.5819	
181.973	247.13	33.8	0.468217	0	46.4944	44.2394	40.8866	
183.081	250	34.22	0.4737	3.29001	47.0083	44.5621	41.1764	
184.009	251.62	34.49	0.47685	1.88998	47.3338	44.8273	41.4177	
184.975	252.01	34.64	0.47775	0.540009	47.6922	45.149	41.8408	
185.968	257.16	35.23	0.487317	5.73999	47.6922	45.4097	42.1053	
186.965	257.28	35.25	0.48755	0.140015	48.1422	45.7444	42.3994	
187.967	265.64	35.86	0.5025	8.89881	48.5015	46.0153	42.7033	
189.168	265.9	35.89	0.502983	0.292347	48.6589	46.2285	42.9499	
190.157	265.89	35.92	0.503017	0.019989	48.6589	46.2981	43.2337	
190.935	265.97	35.95	0.5032	0.110016	48.9547	46.5126	43.2896	
191.973	265.87	36.09	0.503267	0.039978	49.3587	46.8728	43.4192	
192.979	266.16	36.13	0.503817	0.329987	49.6901	47.0837	43.6792	
193.951	268.13	36.37	0.5075	2.20999	49.6901	47.4445	44.0099	
194.94	268.6	36.45	0.508417	0.550018	50.0653	47.7342	44.2899	
195.983	269.41	36.58	0.509983	0.940033	50.577	48.03	44.59	
197.078	270.95	36.71	0.512767	1.66995	50.9043	48.2811	44.8852	
197.97	270.95	36.71	0.512767	0	50.9043	48.6686	45.208	
198.982	279.96	37.19	0.528583	9.49002	51.2117	48.8861	45.5196	
200.019	279.96	37.19	0.528583	0	51.5365	49.2124	45.813	
201.019	280.81	37.47	0.530467	1.13114	51.866	49.4928	46.0671	
201.963	280.79	37.54	0.53055	0.0499878	51.866	49.8667	46.4172	
202.967	280.82	37.67	0.530817	0.159844	52.2883	50.1797	46.683	
204.025	280.86	37.73	0.530983	0.100106	52.7602	50.4765	47.0035	
205.047	280.86	37.73	0.530983	0	53.0742	50.72	47.2817	
206.036	280.9	37.87	0.531283	0.179993	53.0742	50.9949	47.6624	
206.939	280.89	37.98	0.53145	0.100006	53.5306	51.3141	47.9651	
207.963	281.24	38.09	0.532217	0.459532	53.9275	51.6388	48.2391	
209.026	281.56	38.14	0.532833	0.370396	54.2558	51.9076	48.5282	
209.957	281.56	38.14	0.532833	0	54.2558	52.2655	48.7955	
211.03	282.9	38.38	0.535467	1.57999	54.4405	52.5163	49.1273	
212.052	285.71	38.9	0.541017	3.32999	54.5201	52.8573	49.3661	
213.025	285.71	38.9	0.541017	0	54.7421	53.0984	49.5956	
214.034	288.63	38.99	0.546033	3.01302	54.7421	53.4182	49.9994	
214.993	288.75	39.08	0.546383	0.209991	55.1305	53.6855	50.2706	
216.036	290.79	39.35	0.550233	2.31	55.5868	54.0157	50.2903	
217.023	290.73	39.41	0.550233	0	56.0034	54.2845	50.31	
218.022	292.46	39.59	0.553417	1.90619	56.3069	54.6581	50.5125	
219.016	292.46	39.59	0.553417	0	56.3069	54.9482	50.7552	
220.097	296.1	40.12	0.560367	4.16998	56.8485	55.4512	51.1252	
221.105	296.1	40.12	0.560367	0	57.1529	55.4512	51.3648	
222.049	295.99	40.31	0.5605	0.0800171	57.1529	55.6437	51.6814	
223.122	295.99	40.33	0.560533	0.019989	57.5738	55.6546	51.956	
224.02	295.93	40.43	0.5606	0.0400085	58.0392	55.6819	52.2672	
225.02	295.93	40.43	0.5606	0	58.3464	55.9128	52.6	
226	295.93	40.45	0.560633	0.0199199	58.3464	56.1703	52.9558	
227.07	295.93	40.45	0.560633	0	58.7677	56.5036	53.278	
228.028	295.93	40.45	0.560633	0	59.1451	56.7972	53.5853	
228.982	295.99	40.39	0.560633	0	59.6147	57.0615	53.8596	
230.046	295.99	40.39	0.560633	0	59.6147	57.3945	54.1252	
231.013	295.99	40.39	0.560633	0	59.9729	57.6852	54.3884	
232.096	295.98	40.4	0.560633	-3.05176e-05	60.4036	58.035	54.71	
233.032	296.51	40.5	0.561683	0.630005	60.7397	58.2559	54.9709	
234.043	296.51	40.51	0.5617	0.0100098	60.7397	58.5999	55.2373	
235.107	296.49	40.53	0.5617	0	61.1199	58.8838	55.5348	
236.018	296.5	40.53	0.561717	0.0100098	61.6336	59.1509	55.8549	
236.973	296.5	40.53	0.561717	0	61.9419	59.4884	56.0804	
238.089	296.49	40.56	0.56175	0.0199491	61.9419	59.7866	56.4103	
239.022	296.5	40.55	0.56175	3.05787e-05	62.3642	60.0968	56.6757	
239.994	296.49	40.56	0.56175	-3.05176e-05	62.7738	60.62	56.6913	
240.949	296.49	40.56	0.56175	0	63.121	60.62	56.719	
241.959	296.62	40.48	0.561833	0.0500183	63.121	61.0254	56.9311	
243.101	296.63	40.47	0.561833	0	63.5055	61.2577	57.1185	
244.099	296.63	40.47	0.561833	0	63.9474	61.5772	57.1997	
244.979	296.59	40.53	0.561867	0.019989	64.1304	61.8459	57.4554	
246.174	296.59	40.53	0.561867	0	64.1304	62.2217	57.7613	
247.02	296.57	40.55	0.561867	-3.04871e-05	64.5618	62.505	58.0115	
248.191	296.57	40.55	0.561867	0	65.004	63.0139	58.4057	
249.016	296.55	40.58	0.561883	0.0100098	65.3233	63.0139	58.5503	
249.985	296.47	40.67	0.5619	0.0100303	65.3233	63.3984	58.5583	
251.078	296.5	40.83	0.562217	0.190162	65.7227	63.6742	58.5651	
252.115	296.49	40.84	0.562217	0	66.2304	63.9461	58.5675	
253.106	296.48	40.85	0.562217	0	66.5157	64.271	58.5712	
254.104	296.46	40.99	0.562417	0.120236	66.5157	64.5887	58.5763	
254.991	296.46	40.99	0.562417	0	66.9568	64.8614	58.5881	
255.936	296.51	40.98	0.562483	0.0400486	67.409	65.1837	58.789	
257.019	296.49	41	0.562483	0	67.7112	65.4916	59.0628	
258.028	296.5	41	0.5625	0.0100098	67.7112	65.7895	59.3829	
258.944	296.49	41.05	0.562567	0.0398889	68.1059	66.091	59.6801	
260.004	296.46	41.08	0.562567	0	68.5996	66.3581	59.9978	
261.02	296.54	41.17	0.56285	0.170153	68.9006	66.6869	60.2637	
261.951	296.54	41.17	0.56285	0	68.9006	66.9768	60.5767	
263.027	296.48	41.67	0.563583	0.440002	69.3459	67.2853	60.8978	
264.081	296.48	41.67	0.563583	0	69.8124	67.5621	61.1777	
264.973	296.48	41.67	0.563583	0	70.109	67.8282	61.4661	
266.084	296.46	41.75	0.563683	0.0599376	70.109	68.167	61.778	
267.082	296.46	41.75	0.563683	0	70.5438	68.4679	62.0726	
268.006	296.31	41.95	0.563767	0.0500183	70.977	68.7567	62.3877	
268.958	296.31	41.95	0.563767	0	71.3257	69.0786	62.656	
270.106	296.32	41.97	0.563817	0.0299683	71.3257	69.3717	62.9723	
271.092	296.32	41.97	0.563817	0	71.7455	69.675	63.2704	
272.109	296.29	42.09	0.563967	0.0898167	72.2138	69.9264	63.5938	
272.957	296.28	42.1	0.563967	3.05787e-05	72.4946	70.2324	63.8584	
274.048	296.27	42.15	0.564033	0.039978	72.4946	70.5912	64.1953	
274.999	296.27	42.15	0.564033	0	72.6514	70.8829	64.4926	
275.963	296.25	42.22	0.564117	0.0499683	73.0063	71.1768	64.7693	
277.003	296.23	42.26	0.56415	0.020009	73.3401	71.4301	65.0591	
278.156	296.22	42.33	0.56425	0.0600281	73.3401	71.7735	65.3778	
279.081	296.19	42.4	0.564317	0.039978	73.7589	72.0791	65.6774	
280.014	296.2	42.48	0.564467	0.0899963	74.1747	72.4075	65.9521	
280.955	296.16	42.52	0.564467	3.05176e-05	74.5306	72.67	66.2618	
281.927	296.16	42.52	0.564467	0	74.5306	72.974	66.6376	
283.114	296.16	42.52	0.564467	0	74.9496	73.222	66.8783	
283.938	296.89	44.22	0.568517	2.42996	75.41	73.59	67.1879	
285.054	296.91	44.2	0.568517	3.05176e-05	75.7292	73.8106	67.4649	
286.002	298.76	42.53	0.568817	0.179962	75.7292	74.1485	67.799	
286.929	298.76	42.53	0.568817	0	76.1765	74.4437	68.0757	
287.959	299.61	42.63	0.5704	0.950012	76.5844	74.7438	68.3983	
289.047	299.61	42.63	0.5704	0	76.9224	74.9848	68.662	
290.007	301.13	42.8	0.573217	1.69003	76.9224	75.3488	68.98	
290.98	301.13	42.8	0.573217	0	77.2824	75.6411	69.2866	
292.1	304.04	45.25	0.58215	5.35995	77.7996	75.9424	69.5857	
293.022	304.02	45.29	0.582183	0.0200195	78.1074	76.2107	69.8687	
294.092	304.38	45.41	0.582983	0.480011	78.1074	76.5373	70.1788	
294.962	304.38	45.41	0.582983	0	78.4938	76.8655	70.4429	
296.075	304.16	45.63	0.582983	0	78.8929	77.3772	70.8172	
297.062	304.16	45.67	0.58305	0.0399686	78.9032	77.3772	71.0372	
298.082	304.12	45.71	0.58305	-3.05481e-05	78.9032	77.8064	71.3829	
298.951	304.12	45.71	0.58305	0	78.909	78.0656	71.6148	
300.038	304.09	45.74	0.58305	0	78.9114	78.5738	72.0328	
