Time	Free (m^2)	Occupied(m^2)	Explored Ratio	Explore Rate (m^2/s)	r1 dist (m)	r2 dist (m)	r3 dist (m)	
2.328	93.18	5.52	0.2632	32900	0	0	0	
3.319	94.27	5.65	0.266453	1.22366	0	0	0	
4.366	94.27	5.65	0.266453	0	0.0401494	0	0	
5.329	116.36	6.19	0.3268	22.6074	0.308252	0	0	
6.401	116.36	6.19	0.3268	0	0.595087	0.19224	0	
7.318	119.56	6.44	0.336	3.46038	0.781218	0.490392	0.0083348	
8.223	119.56	6.44	0.336	0	0.940223	0.787888	0.209957	
9.434	158.13	7.43	0.441493	39.56	1.01924	1.08895	0.508464	
10.473	158.8	7.43	0.44328	0.670013	1.02857	1.38921	0.807509	
11.476	164.13	7.62	0.458	5.51999	1.12845	1.68581	1.10629	
12.474	165.24	7.74	0.46128	1.23001	1.3969	1.98502	1.40808	
13.492	165.99	7.81	0.463467	0.819173	1.69371	2.28089	1.70589	
14.536	173.06	8.52	0.484213	7.7878	1.99455	2.58178	2.00498	
15.508	184.65	8.98	0.516347	12.0139	2.19299	2.8804	2.30791	
16.484	186.1	8.95	0.520133	1.42427	2.3086	3.17727	2.6082	
17.435	186.1	8.95	0.520133	0	2.48729	3.33701	2.9022	
18.4	199.46	9.91	0.55832	14.32	2.78324	3.33701	3.20364	
19.372	199.46	9.91	0.55832	0	3.08468	3.34571	3.50806	
20.621	201.39	11.27	0.567093	3.29001	3.38525	3.4021	3.80742	
21.301	201.39	11.27	0.567093	0	3.62887	3.65076	4.10706	
22.366	210.21	11.92	0.592347	9.47	3.92288	3.80766	4.40492	
23.315	210.21	11.92	0.592347	0	4.22412	3.80766	4.70402	
24.416	212.78	12.15	0.599813	2.79999	4.52317	3.80766	5.00353	
25.336	212.78	12.15	0.599813	0	4.82226	3.80766	5.3013	
26.379	213.74	12.41	0.603067	1.22002	5.01036	3.87327	5.60395	
27.436	213.74	12.41	0.603067	0	5.1041	4.12711	5.90215	
28.448	213.96	12.57	0.60408	0.380005	5.38914	4.42672	6.20305	
29.427	213.96	12.57	0.60408	0	5.68253	4.72583	6.50122	
30.398	221.2	12.76	0.623893	7.44487	5.98028	5.02292	6.80181	
31.456	221.2	12.76	0.623893	0	6.28077	5.32255	7.09916	
32.485	229.52	12.84	0.646293	8.40001	6.57938	5.61794	7.39828	
33.323	229.52	12.84	0.646293	0	6.87807	5.71097	7.69562	
34.312	234.9	13.42	0.662187	5.93625	7.1772	5.71097	7.99481	
35.324	234.9	13.42	0.662187	0	7.47807	5.75311	8.29208	
36.44	240.79	14.53	0.680853	7.00002	7.77595	6.01802	8.58837	
37.447	240.79	14.53	0.680853	0	8.07235	6.31103	8.88216	
38.428	247.71	14.73	0.69984	7.12714	8.37481	6.61065	9.18472	
39.513	247.71	14.73	0.69984	0	8.67657	6.89487	9.45249	
40.422	248.07	14.46	0.70008	0.0899064	8.97028	7.18819	9.45249	
41.349	249.24	14.69	0.703813	1.4014	9.2742	7.4862	9.47063	
42.442	257.82	15.48	0.7288	9.37	9.56733	7.78417	9.51291	
43.342	261.33	15.64	0.738587	3.67001	9.86851	7.99516	9.70673	
44.403	261.33	15.64	0.738587	0	10.1623	7.99846	10.0035	
45.437	268.73	15.94	0.75912	7.65406	10.4596	8.00561	10.0895	
46.613	268.73	15.94	0.75912	0	10.7625	8.0741	10.1355	
47.418	270.83	16.34	0.765787	2.5	11.059	8.35878	10.2162	
48.429	270.83	16.34	0.765787	0	11.2194	8.65256	10.456	
49.244	270.47	16.95	0.766453	0.248292	11.4754	8.95195	10.7521	
50.404	270.47	16.95	0.766453	0	11.7643	9.25132	11.0507	
51.459	270.82	17.34	0.768427	0.73996	12.06	9.54789	11.3465	
52.478	270.82	17.34	0.768427	0	12.358	9.84457	11.6455	
53.484	271.2	17.31	0.76936	0.349308	12.6619	10.1463	11.9431	
54.588	271.2	17.31	0.76936	0	12.9578	10.4449	12.2468	
55.433	271.21	17.33	0.76944	0.0299993	13.2574	10.741	12.5437	
56.463	271.21	17.33	0.76944	0	13.554	11.0373	12.8409	
57.641	272.76	17.63	0.774373	1.84998	13.8484	11.3366	13.1399	
58.441	272.76	17.63	0.774373	0	14.1468	11.6334	13.4377	
59.638	274.36	18.47	0.78088	2.44	14.4472	11.9297	13.7352	
60.541	274.36	18.47	0.78088	0	14.7473	12.2274	14.0353	
61.391	274.96	18.72	0.783147	0.850006	15.0455	12.5269	14.2076	
62.477	274.96	18.72	0.783147	0	15.3434	12.8222	14.2076	
63.416	275.17	18.61	0.783413	0.100006	15.6446	13.1239	14.2139	
64.477	275.17	18.61	0.783413	0	15.9445	13.4266	14.3665	
65.433	274.93	18.93	0.783627	0.0799866	16.2395	13.7239	14.6661	
66.397	274.93	18.93	0.783627	0	16.537	14.0238	14.9643	
67.439	274.95	18.95	0.783733	0.0399287	16.8384	14.3201	15.264	
68.459	274.95	18.95	0.783733	0	17.1402	14.6216	15.5644	
69.492	274.96	18.94	0.783733	0	17.1513	14.9189	15.8603	
70.4	274.96	18.96	0.783787	0.019989	17.2106	15.2141	16.1617	
71.4	286.48	19.54	0.816053	12.1	17.2508	15.5093	16.4531	
72.377	286.57	19.54	0.816293	0.0899963	17.3235	15.8124	16.735	
73.626	287.32	19.65	0.818587	0.859985	17.5872	16.1082	17.0276	
74.483	287.32	19.66	0.818613	0.0100098	17.8856	16.4075	17.3256	
75.35	287.92	19.87	0.820773	0.809188	18.1858	16.7064	17.6252	
76.282	287.92	19.87	0.820773	0	18.4867	17.0029	17.9226	
77.455	288.11	19.83	0.821173	0.149994	18.7852	17.3019	18.2221	
78.456	288.11	19.86	0.821253	0.0299694	19.0855	17.6012	18.5223	
79.285	288.18	19.89	0.82152	0.100207	19.3855	17.8997	18.8223	
80.484	288.2	19.98	0.821813	0.109985	19.682	18.1984	19.1202	
81.436	288.2	19.98	0.821813	0	19.9843	18.4984	19.4226	
82.595	288.86	20.17	0.82408	0.850006	20.2825	18.7975	19.7204	
83.53	289.4	20.29	0.82584	0.660004	20.5841	19.0963	20.021	
84.353	290.08	20.42	0.828	0.809998	20.8829	19.3954	20.32	
85.494	290.08	20.42	0.828	0	21.1771	19.6893	20.6152	
86.399	291.64	20.65	0.832773	1.78998	21.4807	19.9935	20.9182	
87.446	291.64	20.65	0.832773	0	21.7813	20.2932	21.2165	
88.334	293.9	20.93	0.839547	2.54001	22.0813	20.5892	21.5074	
89.376	293.9	20.93	0.839547	0	22.3791	20.8903	21.8126	
90.413	299.88	21.31	0.856507	6.36002	22.6764	21.189	22.111	
91.348	299.88	21.31	0.856507	0	22.9751	21.4861	22.4092	
92.377	305.93	20.95	0.87168	5.69	23.2756	21.7873	22.7078	
93.388	305.93	20.95	0.87168	0	23.5758	22.0834	23.0047	
94.331	309.68	21.24	0.882453	4.03998	23.8726	22.3879	23.3052	
95.373	309.67	21.25	0.882453	0	24.0613	22.6866	23.6052	
96.493	309.77	21.52	0.88344	0.369257	24.0613	22.9824	23.903	
97.403	309.76	21.53	0.88344	0	24.0613	23.2851	24.2026	
98.458	309.97	21.7	0.884453	0.380035	24.0613	23.5818	24.3579	
99.316	309.99	21.68	0.884453	-3.05176e-05	24.0613	23.8854	24.4047	
100.449	311.28	21.99	0.88872	1.60001	24.0679	24.183	24.4772	
101.494	311.28	21.99	0.88872	0	24.2837	24.488	24.7082	
102.485	317.83	22.51	0.907573	7.10554	24.5791	24.6426	25.0031	
103.434	317.83	22.51	0.907573	0	24.876	24.6426	25.296	
104.387	319.57	22.68	0.912667	1.91	25.1789	24.6527	25.5914	
105.409	319.65	22.79	0.913173	0.190002	25.475	24.873	25.8912	
106.498	318.95	23.57	0.913387	0.0799866	25.7756	25.169	26.1897	
107.357	318.95	23.57	0.913387	0	26.072	25.47	26.481	
108.285	319.43	24.39	0.916853	1.30002	26.3718	25.7681	26.7805	
109.504	319.43	24.39	0.916853	0	26.6713	26.0668	27.0793	
