Time	Free (m^2)	Occupied(m^2)	Explored Ratio	Explore Rate (m^2/s)	r1 dist (m)	r2 dist (m)	r3 dist (m)	
3.582	44.53	2.36	0.12504	46890	0	0	0	
4.617	44.53	2.36	0.12504	0	0	0	0	
5.626	44.52	2.37	0.12504	0	0	0	0	
6.561	44.52	2.37	0.12504	0	0	0	0	
7.618	44.53	2.36	0.12504	0	0	0	0	
8.583	44.53	2.36	0.12504	0	0	0	0	
9.576	44.52	2.37	0.12504	0	0	0	0	
10.591	44.52	2.37	0.12504	0	0	0	0	
11.453	44.52	2.37	0.12504	0	0	0	0	
12.524	44.52	2.37	0.12504	0	2.50674e-19	0	1.2979e-19	
13.496	57.14	3.03	0.160453	13.28	0.0527864	0.011313	0.0642161	
14.479	57.14	3.03	0.160453	0	0.327252	0.177188	0.31174	
15.764	74.56	4.14	0.209867	18.493	0.62203	0.182731	0.602342	
16.702	74.56	4.14	0.209867	0	0.915209	0.220157	0.894634	
17.754	78.92	5.2	0.22432	5.42	1.06543	0.256959	1.14611	
18.566	78.94	5.19	0.224347	0.00997222	1.06543	0.469807	1.34369	
19.528	83.26	5.58	0.236907	4.72417	1.15813	0.766672	1.4939	
20.587	83.26	5.58	0.236907	0	1.45236	1.06847	1.59374	
21.572	90.19	5.81	0.256	7.16	1.75505	1.36629	1.64348	
22.689	90.19	5.81	0.256	0	2.05541	1.66859	1.64927	
23.613	90.24	5.97	0.25656	0.21042	2.35232	1.96603	1.64927	
24.669	90.47	5.98	0.2572	0.240005	2.64412	2.24674	1.64927	
25.595	92.32	6.1	0.262453	1.96999	2.94085	2.54136	1.67908	
26.562	92.32	6.1	0.262453	0	3.23882	2.84336	1.80781	
27.538	92.54	6.12	0.263093	0.240005	3.53712	3.13574	2.09103	
28.641	92.54	6.12	0.263093	0	3.84008	3.43681	2.38638	
29.716	93.33	6.07	0.265067	0.739998	4.13553	3.64901	2.67956	
30.562	93.46	6.61	0.266853	0.669998	4.43251	3.87812	2.97618	
31.653	94.13	6.67	0.2688	0.729996	4.73387	4.17476	3.27665	
32.873	95.06	6.79	0.2716	1.04895	5.03504	4.47747	3.57525	
33.7	95.21	6.84	0.272133	0.200205	5.33058	4.77597	3.87338	
34.743	101.26	8.04	0.291467	7.25	5.62574	5.07477	4.17011	
35.648	101.26	8.04	0.291467	0	5.92278	5.37521	4.4734	
36.645	128.42	10.64	0.370827	29.76	6.09361	5.67143	4.771	
37.584	128.42	10.64	0.370827	0	6.13989	5.95403	5.0716	
38.683	140.74	11.51	0.406	13.19	6.39256	6.2492	5.36798	
39.595	140.74	11.51	0.406	0	6.6944	6.55014	5.67249	
40.657	146.21	12.8	0.424027	6.76001	6.99243	6.848	5.96678	
41.568	146.21	12.8	0.424027	0	7.29149	7.14909	6.24719	
42.607	152.63	13.74	0.443653	7.36	7.59263	7.45026	6.54053	
43.553	152.63	13.74	0.443653	0	7.89412	7.74747	6.60501	
44.662	152.38	14.28	0.444427	0.289993	8.19172	8.04677	6.73128	
45.58	152.38	14.28	0.444427	0	8.49172	8.34372	7.02055	
46.646	152.48	14.72	0.445867	0.540009	8.79442	8.51689	7.31082	
47.711	152.48	14.72	0.445867	0	9.09232	8.77034	7.61261	
48.8	151.38	15.92	0.446133	0.0997913	9.38758	9.06595	7.90871	
49.618	151.38	15.92	0.446133	0	9.52493	9.36907	8.21066	
50.649	151.7	16.08	0.447413	0.478099	9.81585	9.66516	8.50916	
51.656	151.7	16.08	0.447413	0	10.1182	9.96753	8.80676	
52.728	152.22	16.26	0.44928	0.699997	10.4185	10.2681	9.11276	
53.69	152.14	16.34	0.44928	0	10.7144	10.5655	9.40856	
54.634	160.9	16.43	0.47288	8.83234	11.009	10.8609	9.70652	
55.591	160.82	16.51	0.47288	-1.53047e-05	11.2709	11.1594	10.0093	
56.711	166.52	16.83	0.488933	6.01399	11.3701	11.4524	10.3049	
57.653	169.36	16.9	0.496693	2.89553	11.4216	11.7193	10.6079	
58.555	169.26	17.14	0.497067	0.140844	11.4698	11.8771	10.9049	
59.662	169.27	17.13	0.497067	1.52435e-05	11.5225	12.1756	11.2039	
60.619	169.25	17.17	0.49712	0.020009	11.5733	12.4758	11.5004	
61.728	169.21	17.21	0.49712	0	11.6257	12.7731	11.7859	
62.579	169.34	17.26	0.4976	0.179813	11.6788	13.0719	11.9223	
63.633	169.17	17.45	0.497653	0.0200645	11.7308	13.3732	12.2206	
64.683	169.08	17.54	0.497653	1.52588e-05	11.7848	13.6663	12.5165	
65.611	169.04	17.8	0.49824	0.219986	11.9317	13.9672	12.8197	
66.513	168.94	17.9	0.49824	1.52588e-05	12.2195	14.2674	13.1185	
67.638	169	18.02	0.49872	0.179993	12.5128	14.5686	13.4197	
68.587	168.85	18.17	0.49872	-1.52588e-05	12.8119	14.8661	13.7181	
69.582	169.18	18.24	0.499787	0.398019	13.1127	15.1673	14.0193	
70.657	169.18	18.24	0.499787	0	13.4091	15.4614	14.3156	
71.82	169.92	18.27	0.50184	0.770004	13.7088	15.7251	14.6186	
72.703	169.92	18.27	0.50184	0	14.0081	15.8749	14.9171	
73.748	172.82	18.84	0.511093	3.46652	14.3082	16.1191	15.2145	
74.618	172.82	18.84	0.511093	0	14.6046	16.1809	15.5153	
75.619	191.64	19.55	0.563173	19.53	14.6442	16.1809	15.7541	
76.579	191.64	19.55	0.563173	0	14.6442	16.1809	16.0122	
77.586	191.38	19.81	0.563173	0	14.6442	16.1809	16.3048	
78.672	191.38	19.81	0.563173	0	14.6442	16.221	16.6063	
79.546	191.17	20.02	0.563173	0	14.6754	16.474	16.9044	
80.655	191.17	20.02	0.563173	0	14.9363	16.7622	17.2035	
81.604	191.16	20.57	0.564613	0.540009	15.2335	16.9536	17.5041	
82.545	191.16	20.57	0.564613	0	15.5317	17.1828	17.8026	
83.743	191.15	20.81	0.565227	0.22998	15.8323	17.4835	18.1044	
84.86	191.11	20.85	0.565227	1.52588e-05	16.132	17.7829	18.4029	
85.569	191.15	20.96	0.565627	0.149994	16.4344	18.0853	18.7047	
86.661	191.1	21.03	0.56568	0.019969	16.7299	18.3826	19.0026	
87.652	191.25	21.14	0.566373	0.26001	17.0308	18.6823	19.3023	
88.565	191.24	21.22	0.56656	0.0699374	17.3332	18.9853	19.6053	
89.67	191.94	21.32	0.568693	0.801606	17.6126	19.2844	19.9008	
90.584	191.82	21.44	0.568693	-1.51377e-05	17.9001	19.5838	20.1989	
91.821	193.73	21.7	0.57448	2.1831	18.0396	19.8841	20.5022	
92.84	193.74	21.73	0.574587	0.0400486	18.3217	20.1796	20.793	
93.584	202.44	22.48	0.599787	9.43114	18.6244	20.4822	21.0705	
94.68	202.23	22.69	0.599787	0	18.9214	20.7788	21.1361	
95.635	209.16	23.08	0.619307	7.32001	19.2244	21.0757	21.1361	
96.738	209.14	23.25	0.619707	0.149994	19.5247	21.3724	21.1676	
97.662	209.12	23.33	0.619867	0.0599976	19.8217	21.6694	21.4291	
98.565	209.68	23.64	0.622187	0.869995	20.1233	21.97	21.7286	
99.61	209.6	24.18	0.623413	0.459562	20.4239	22.27	22.0229	
100.672	209.86	24.3	0.624427	0.38037	20.7239	22.5696	22.3143	
101.639	209.71	24.47	0.62448	0.0200043	21.023	22.8666	22.6107	
102.637	209.95	25.95	0.629067	1.71999	21.3229	23.1687	22.9095	
103.635	209.95	25.95	0.629067	0	21.6174	23.4669	23.208	
104.701	212.51	25.86	0.635653	2.47	21.9178	23.7681	23.5028	
105.642	212.51	25.86	0.635653	0	22.2147	24.0673	23.8046	
106.575	231.43	26.05	0.686613	19.11	22.5152	24.3638	24.1049	
107.59	231.43	26.05	0.686613	0	22.7078	24.664	24.2494	
108.601	231.25	26.23	0.686613	0	22.7748	24.9619	24.4632	
109.781	238.26	26.42	0.705813	7.17848	22.8529	25.2558	24.7582	
Free:	231	occupied:	144	total:	375
