Time	Free (m^2)	Occupied(m^2)	Explored Ratio	Explore Rate (m^2/s)	r1 dist (m)	r2 dist (m)	r3 dist (m)	
2.851	44.53	2.36	0.12504	7815	0	0	0	
3.905	44.53	2.36	0.12504	0	0	0	0	
4.928	44.53	2.36	0.12504	0	0	0	0	
5.816	44.53	2.36	0.12504	0	0	0	0	
6.819	44.53	2.36	0.12504	0	0	0	0	
7.812	44.53	2.38	0.125093	0.0199805	0.0154396	0	0	
8.889	44.53	2.38	0.125093	0	0.117229	1.72932e-19	0.00603777	
10.005	75.91	5.02	0.215813	33.986	0.144915	9.30412e-19	0.135982	
11.016	75.91	5.02	0.215813	0	0.183302	0.0680594	0.270464	
11.953	90.38	6.74	0.258987	16.19	0.348338	0.134949	0.538644	
13.208	90.38	6.74	0.258987	0	0.642906	0.17465	0.620902	
14.025	92.25	7.79	0.266773	2.92293	0.936737	0.223954	0.911625	
14.976	92.25	7.79	0.266773	0	1.02983	0.479613	1.21635	
15.931	92.71	7.8	0.268027	0.469532	1.29846	0.78022	1.51476	
16.883	92.71	7.8	0.268027	0	1.5973	1.07828	1.81448	
17.944	93.25	7.86	0.269627	0.601201	1.89525	1.37561	2.11328	
18.952	93.25	7.86	0.269627	0	2.19399	1.67024	2.40641	
19.847	92.95	8.44	0.270373	0.279999	2.4937	1.96891	2.70529	
21.093	92.95	8.44	0.270373	0	2.78772	2.2678	3.00193	
22.02	93	8.82	0.27152	0.429142	3.07232	2.56681	3.29324	
23.005	93	8.82	0.27152	0	3.37154	2.86353	3.59186	
24.105	93.28	8.95	0.272613	0.410004	3.67093	3.15624	3.88801	
24.921	93.61	9.11	0.27392	0.489998	3.97059	3.19399	4.18536	
26.134	94.18	9.3	0.275947	0.757729	4.26965	3.44581	4.48682	
27.086	94.73	9.52	0.278	0.772306	4.56458	3.7438	4.78643	
27.924	98.1	10.07	0.288453	3.92001	4.86266	4.0402	5.08371	
28.944	99.66	10.66	0.294187	2.15	5.16406	4.33945	5.38576	
29.933	131.77	12.89	0.38576	34.34	5.46127	4.46956	5.68295	
30.865	135.8	13.94	0.399307	5.08	5.75882	4.76242	5.91524	
31.949	136.94	14.4	0.403573	1.59999	6.05792	5.05821	6.01197	
32.978	141.49	14.8	0.416773	4.95001	6.355	5.3183	6.06558	
34.002	141.81	15	0.41816	0.518449	6.65124	5.4656	6.11761	
35.063	141.91	15.23	0.41904	0.33098	6.95044	5.76281	6.16885	
36.029	141.84	15.3	0.41904	1.52435e-05	7.24891	6.06282	6.22086	
36.937	142.94	15.65	0.422907	1.45146	7.54659	6.35844	6.26454	
38.043	142.94	15.65	0.422907	0	7.84715	6.65642	6.47957	
39.045	150.88	16.72	0.446933	9.00998	8.14625	6.92811	6.78023	
39.866	150.88	16.72	0.446933	0	8.44594	7.05355	7.07738	
41	155.5	17.11	0.460293	5.01001	8.74564	7.10643	7.37474	
41.934	155.5	17.11	0.460293	0	9.0426	7.16122	7.6741	
42.938	155.85	17.45	0.462133	0.689987	9.34463	7.28779	7.97649	
43.952	155.85	17.45	0.462133	0	9.6446	7.58434	8.27673	
44.955	156.21	17.86	0.464187	0.770004	9.94437	7.87924	8.57282	
45.929	156.21	17.86	0.464187	0	10.2437	8.18251	8.87697	
46.931	157.69	18.31	0.469333	1.93194	10.5443	8.4793	9.17577	
47.931	157.69	18.31	0.469333	0	10.8401	8.7775	9.47397	
49.001	157.53	18.82	0.470267	0.349308	11.0932	9.07899	9.77305	
50.162	170.14	19.24	0.505013	13.0561	11.1732	9.37719	10.0766	
50.953	170.19	19.52	0.505893	0.330002	11.2289	9.67693	10.3754	
51.924	170.19	19.52	0.505893	0	11.2753	9.97986	10.6724	
52.888	171.33	19.83	0.50976	1.45436	11.3197	10.2799	10.9642	
53.912	171.33	19.83	0.50976	0	11.547	10.5751	11.1096	
54.975	172.25	19.97	0.512587	1.06	11.8462	10.8781	11.1687	
55.944	172.73	20.36	0.514907	0.868259	12.1449	11.1784	11.2073	
56.902	175.58	20.68	0.52336	3.17637	12.4433	11.4769	11.304	
58.075	175.64	20.64	0.523413	0.019989	12.746	11.778	11.6033	
58.978	208.14	21.68	0.612853	33.54	13.0451	12.0772	11.9011	
59.828	208.26	21.72	0.61328	0.159988	13.3448	12.3621	12.1976	
61.051	210.2	21.98	0.619147	2.2	13.5485	12.6541	12.5008	
61.981	209.92	22.35	0.619387	0.0900116	13.5485	12.9547	12.8015	
62.964	209.92	22.35	0.619387	0	13.7324	13.1089	13.0966	
64.081	209.82	22.51	0.619547	0.0600576	14.0318	13.4001	13.3825	
64.922	209.82	22.51	0.619547	0	14.3296	13.698	13.3825	
66.012	209.82	22.72	0.620107	0.209991	14.6338	14.0019	13.3825	
66.964	209.82	22.72	0.620107	0	14.9311	14.3016	13.3825	
67.88	209.88	22.76	0.620373	0.100006	15.2296	14.6004	13.4665	
68.925	209.88	22.76	0.620373	0	15.5312	14.8995	13.7602	
69.918	210.12	23.08	0.621867	0.56112	15.8305	14.9856	14.0617	
70.86	210.06	23.17	0.621947	0.0299988	16.1279	14.9856	14.3602	
71.964	210.66	23.35	0.624027	0.780014	16.4235	14.9856	14.6602	
72.934	210.66	23.35	0.624027	0	16.7233	14.9856	14.9603	
73.97	210.4	23.63	0.62408	0.019989	17.0208	14.9856	15.2569	
75.018	210.4	23.63	0.62408	0	17.3173	14.9856	15.5575	
76.028	210.36	23.91	0.62472	0.240005	17.6145	14.9856	15.8555	
77.043	210.36	23.91	0.62472	0	17.9118	14.9856	16.1499	
77.911	210.77	24.35	0.626987	0.849157	18.2118	14.9856	16.448	
79.018	210.77	24.35	0.626987	0	18.4725	14.9856	16.744	
79.992	211.43	24.47	0.629067	0.779984	18.6546	14.9856	17.0404	
80.964	211.43	24.47	0.629067	0	18.9519	14.9856	17.2645	
82.073	212.16	24.94	0.632267	1.20001	19.2573	14.9856	17.4859	
83.048	212.16	24.94	0.632267	0	19.5531	14.9856	17.785	
83.981	216.07	25.39	0.643893	4.36	19.8545	14.9856	18.0836	
85.132	216.07	25.39	0.643893	0	20.1508	14.9856	18.3792	
86.039	216.34	25.51	0.644933	0.39155	20.4418	14.9856	18.6784	
86.912	224.52	25.78	0.667467	8.45001	20.5937	14.9856	18.9772	
88.007	225.43	25.99	0.670453	1.11889	20.6566	14.9856	19.2778	
88.993	225.4	26.02	0.670453	-1.52741e-05	20.6977	14.9856	19.575	
89.984	228.73	26.43	0.680427	3.74001	20.7649	14.9856	19.8771	
90.914	228.59	26.57	0.680427	0	20.8185	14.9856	20.1768	
91.93	238.38	25.85	0.704613	9.06093	20.9377	14.9856	20.4747	
Free:	231	occupied:	144	total:	375
