Time	Free (m^2)	Occupied(m^2)	Explored Ratio	Explore Rate (m^2/s)	r1 dist (m)	r2 dist (m)	r3 dist (m)	
2.056	23.31	1.86	0.04195	25170	0	0	0	
3.071	23.31	1.86	0.04195	0	0	0	0	
4.075	23.31	1.86	0.04195	0	0	0	0	
5.063	23.31	1.86	0.04195	0	0	0	0	
6.019	23.31	1.86	0.04195	0	0	0	0	
7.105	23.31	1.86	0.04195	0	0	0	0	
8.063	23.31	1.86	0.04195	0	0	0	0	
9.024	23.31	1.86	0.04195	0	0	0	0	
10.015	23.31	1.86	0.04195	0	0	0	0	
11.023	23.31	1.86	0.04195	0	8.80914e-20	0	0	
12.012	23.31	1.86	0.04195	0	0.0202039	0	0	
13.091	23.31	1.86	0.04195	0	0.134979	0	0	
14.087	41.51	4.77	0.0771333	21.11	0.134979	0	0	
15.095	41.51	4.77	0.0771333	0	0.134979	0.0464614	0.11707	
16.081	43.98	5.69	0.0827833	3.3934	0.213766	0.317892	0.312811	
17.048	43.98	5.69	0.0827833	0	0.342984	0.544358	0.312811	
18.038	46.64	5.8	0.0874	2.77	0.383125	0.680025	0.443261	
19.097	46.64	5.8	0.0874	0	0.433214	0.725029	0.730933	
20.126	58.63	6.33	0.108267	12.52	0.475307	0.822316	1.02503	
21.24	58.63	6.33	0.108267	0	0.566008	1.01442	1.32446	
22.146	61.62	7.27	0.114817	3.92999	0.763669	1.31179	1.61627	
23.126	61.62	7.27	0.114817	0	1.06316	1.61048	1.9152	
24.139	61.74	8.2	0.116567	1.04895	1.36047	1.90806	2.21042	
25.219	61.74	8.2	0.116567	0	1.66545	2.20818	2.51221	
26.152	61.97	8.47	0.1174	0.5	1.96566	2.37294	2.80419	
27.15	62.35	8.64	0.118317	0.550003	2.26415	2.48997	3.10834	
28.121	64.3	8.39	0.12115	1.7	2.56304	2.77826	3.40983	
29.112	64.3	8.39	0.12115	0	2.86107	3.0773	3.6872	
30.063	64.6	8.88	0.122467	0.788432	3.15693	3.36975	3.82428	
31.156	64.67	8.89	0.1226	0.0801545	3.45548	3.6738	4.12191	
32.18	67.07	9.4	0.12745	2.91	3.74704	3.97045	4.42199	
33.17	67.12	9.36	0.127467	0.00999451	3.98418	4.26627	4.53801	
34.162	67.86	9.77	0.129383	1.15	4.11716	4.56535	4.80679	
35.131	67.54	10.54	0.130133	0.450005	4.19905	4.86251	4.97957	
36.218	68.1	10.74	0.1314	0.759235	4.2315	5.15945	5.07177	
37.139	68.25	10.77	0.1317	0.18018	4.23218	5.45916	5.12908	
38.095	69.72	10.88	0.134333	1.58	4.23218	5.75824	5.17965	
39.151	69.89	10.82	0.134517	0.110001	4.24869	6.05786	5.22392	
40.219	70.84	10.97	0.13635	1.0989	4.3525	6.35717	5.28061	
41.223	71.21	11.21	0.137367	0.610611	4.59446	6.65457	5.29223	
42.085	73.34	11.4	0.141233	2.32	4.89134	6.95419	5.33187	
43.142	73.71	11.72	0.142383	0.690002	5.18818	7.25094	5.46373	
44.149	109.9	12.57	0.204117	37.003	5.48696	7.5503	5.74236	
45.127	110.5	12.63	0.205217	0.660657	5.78706	7.8461	5.99148	
46.072	110.5	12.63	0.205217	0	6.08523	8.14141	6.19347	
47.105	113.52	13.08	0.211	3.48044	6.38523	8.44258	6.34068	
48.088	113.52	13.08	0.211	0	6.52373	8.73843	6.39706	
49.141	114.62	13.21	0.21305	1.22632	6.8142	9.03409	6.42536	
50.208	114.62	13.21	0.21305	0	7.12016	9.34099	6.46572	
51.278	117	13.34	0.217233	2.50499	7.41765	9.64039	6.60307	
52.193	117	13.34	0.217233	0	7.71817	9.94188	6.89577	
53.334	118.44	13.62	0.2201	1.71657	8.00396	10.1648	7.16552	
54.326	118.44	13.62	0.2201	0	8.30085	10.1648	7.35266	
55.278	119.62	13.9	0.222533	1.45853	8.59648	10.2992	7.59596	
56.108	119.62	13.9	0.222533	0	8.89763	10.5965	7.89066	
57.139	121.16	13.96	0.2252	1.60001	9.19853	10.9018	8.18119	
58.117	121.16	13.96	0.2252	0	9.50093	11.1984	8.48108	
59.121	130.55	14.4	0.241583	9.82999	9.80213	11.4969	8.78128	
60.134	130.55	14.4	0.241583	0	10.0968	11.7954	9.07647	
61.23	134.23	14.66	0.24815	3.93608	10.1808	12.0947	9.37947	
62.145	134.25	14.64	0.24815	0	10.23	12.3938	9.67766	
63.248	134.58	14.85	0.24905	0.538931	10.4344	12.6863	9.97664	
64.169	134.52	14.91	0.24905	-1.53047e-05	10.736	12.981	10.2786	
65.177	134.5	14.99	0.24915	0.0595956	11.0295	13.276	10.5689	
66.115	134.4	15.09	0.24915	-1.53664e-05	11.3325	13.5791	10.8746	
67.231	134.81	15.14	0.249917	0.460007	11.6318	13.8781	11.1746	
68.225	134.79	15.16	0.249917	0	11.9291	13.9985	11.4748	
69.129	134.79	15.16	0.249917	0	12.2244	14.2209	11.7728	
70.208	134.97	15.26	0.250383	0.279999	12.5253	14.5216	12.0679	
71.301	134.95	15.3	0.250417	0.0199246	12.8229	14.8192	12.3694	
72.199	134.94	15.45	0.25065	0.140405	13.1158	15.1146	12.6567	
73.142	134.94	15.45	0.25065	0	13.4158	15.4199	12.7707	
74.107	135.03	15.67	0.251167	0.310013	13.7155	15.7161	12.7846	
75.214	135.03	15.67	0.251167	0	14.0122	16.0139	12.8382	
76.191	135.77	15.8	0.252617	0.869995	14.3152	16.3068	13.0654	
77.143	135.77	15.8	0.252617	0	14.6137	16.6079	13.3612	
78.137	138.02	15.99	0.256683	2.44	14.9179	16.9072	13.665	
79.123	138.02	15.99	0.256683	0	15.2125	17.199	13.9611	
80.125	137.8	16.23	0.256717	0.0199292	15.5122	17.4981	14.2619	
81.23	137.8	16.23	0.256717	0	15.8154	17.7999	14.5528	
82.078	138.8	16.41	0.258683	1.18001	16.1136	18.0996	14.8389	
83.163	138.8	16.41	0.258683	0	16.3965	18.3972	15.1269	
84.237	140.23	16.89	0.261867	1.89109	16.6927	18.699	15.4263	
85.228	140.23	16.89	0.261867	0	16.9841	18.9915	15.7254	
86.218	140.17	16.95	0.261867	0	17.2852	19.2969	16.0266	
87.214	140.17	16.95	0.261867	0	17.5816	19.4466	16.329	
88.08	140.07	17.59	0.262767	0.539993	17.8814	19.4798	16.6273	
89.229	140.07	17.59	0.262767	0	18.1787	19.7122	16.9282	
90.208	141.39	18.28	0.266117	2.01001	18.4794	20.0028	17.2258	
91.09	141.39	18.28	0.266117	0	18.7744	20.3008	17.5243	
92.257	141.49	18.41	0.2665	0.230226	19.0705	20.6015	17.8223	
93.194	141.51	18.39	0.2665	0	19.3649	20.8947	18.1221	
94.256	141.89	18.43	0.2672	0.420013	19.6579	21.1858	18.4178	
95.246	141.89	18.44	0.267217	0.00999451	19.9594	21.4804	18.7147	
96.152	144.09	18.79	0.271467	2.54999	20.2594	21.7781	19.0124	
97.224	144.03	18.85	0.271467	1.51527e-05	20.4049	22.0779	19.3096	
98.07	146.53	19.08	0.276017	2.74924	20.5931	22.3779	19.6096	
99.082	146.41	19.24	0.276083	0.0399933	20.8853	22.6717	19.9117	
100.128	146.1	19.63	0.276217	0.0800018	21.186	22.768	20.2087	
101.149	149.68	20.06	0.2829	4.00999	21.4793	22.796	20.5066	
102.169	149.6	20.16	0.282933	0.0200043	21.7759	22.9836	20.8064	
103.192	160.98	20.67	0.30275	11.8781	22.0794	23.2473	21.1063	
104.126	160.96	20.69	0.30275	0	22.374	23.5352	21.4057	
105.18	161.22	20.73	0.30325	0.299703	22.374	23.8365	21.7064	
106.146	161.36	20.68	0.3034	0.090192	22.374	24.1334	22.002	
107.175	161.39	20.75	0.303567	0.0999908	22.3865	24.4287	22.3029	
108.15	161.39	20.75	0.303567	0	22.4413	24.7281	22.602	
109.19	161.22	20.93	0.303583	0.00999977	22.7172	25.0279	22.9059	
110.222	161.22	20.93	0.303583	0	23.016	25.323	23.199	
111.162	161.21	21.1	0.30385	0.159669	23.3129	25.6229	23.5005	
112.224	161.21	21.1	0.30385	0	23.6134	25.919	23.7951	
113.178	161.22	21.23	0.304083	0.139581	23.9081	26.2195	24.1025	
114.113	161.22	21.23	0.304083	0	24.2087	26.5192	24.3986	
115.115	161.21	21.28	0.30415	0.0399933	24.5096	26.8201	24.6998	
116.156	161.21	21.28	0.30415	0	24.807	27.1195	25.0016	
117.17	161.29	21.34	0.304383	0.139999	25.1064	27.4192	25.298	
118.262	161.29	21.34	0.304383	0	25.4044	27.7193	25.5987	
119.162	161.4	21.43	0.304717	0.200012	25.6994	28.0136	25.8942	
120.205	161.4	21.43	0.304717	0	26.0046	28.3172	26.1969	
121.176	161.6	21.49	0.30515	0.259217	26.3029	28.616	26.496	
122.203	161.6	21.49	0.30515	0	26.6013	28.9165	26.7945	
123.243	162.13	21.56	0.30615	0.599391	26.9022	29.2149	27.0963	
124.306	162.13	21.56	0.30615	0	27.1965	29.5079	27.3894	
125.146	162.11	21.58	0.30615	1.52588e-05	27.4949	29.8067	27.6904	
126.228	163.87	21.76	0.309383	1.93999	27.7952	30.1054	27.9902	
127.09	163.65	22.02	0.30945	0.0400085	28.0934	30.4028	28.2904	
128.141	166.54	22.56	0.315167	3.42999	28.3916	30.7036	28.5316	
129.195	166.48	22.75	0.315383	0.130005	28.6874	31.0021	28.6023	
130.179	167.96	22.9	0.3181	1.63	28.9864	31.3018	28.6318	
131.089	167.95	22.92	0.318117	0.00999451	29.2843	31.558	28.6834	
132.159	168.66	22.97	0.319383	0.76001	29.3288	31.7382	28.7486	
133.145	168.53	23.1	0.319383	0	29.4023	32.0403	28.8914	
134.361	170.66	23.22	0.323133	2.25451	29.5402	32.3406	29.191	
135.186	170.64	23.24	0.323133	0	29.8287	32.6406	29.4869	
136.133	175.29	23.72	0.331683	5.03928	30.131	32.9472	29.7835	
137.081	175.29	23.72	0.331683	0	30.4226	33.2394	30.0826	
138.1	188.39	24.68	0.355117	14.06	30.7188	33.5377	30.3768	
139.235	188.21	24.97	0.3553	0.109875	31.0191	33.8353	30.6699	
140.185	188.18	25.26	0.355733	0.260255	31.3184	34.1368	30.9694	
141.112	188.18	25.26	0.355733	0	31.6184	34.4365	31.2603	
142.046	189.06	25.48	0.357567	1.10001	31.9187	34.7355	31.5602	
143.242	189.06	25.48	0.357567	0	32.2175	35.0343	31.8602	
144.384	190.11	25.85	0.359933	1.42001	32.516	35.3349	32.1596	
145.191	190.11	25.85	0.359933	0	32.7937	35.6361	32.4608	
146.148	191.92	26.34	0.363767	2.29999	32.9174	35.9334	32.7602	
147.186	191.92	26.34	0.363767	0	33.2158	36.2337	33.0568	
148.211	195.11	26.98	0.37015	3.83	33.5137	36.5318	33.3543	
149.188	195.11	26.98	0.37015	0	33.8098	36.7603	33.6503	
150.207	199.31	27.86	0.378617	5.08509	34.1114	36.8713	33.9539	
151.21	199.31	27.86	0.378617	0	34.4062	36.9261	34.2506	
152.2	201.14	28.13	0.382117	2.09581	34.7033	36.9458	34.3592	
153.152	201.14	28.13	0.382117	0	35.0059	37.0066	34.4456	
154.118	206.24	28.35	0.390983	5.32533	35.3059	37.09	34.7376	
155.116	206.24	28.35	0.390983	0	35.6031	37.2135	35.0348	
156.168	217.6	29.06	0.4111	12.07	35.9027	37.4985	35.3331	
157.158	217.6	29.06	0.4111	0	36.2029	37.7989	35.6314	
158.18	223.46	29.96	0.422367	6.76001	36.5026	38.0965	35.9284	
159.224	223.46	29.96	0.422367	0	36.7992	38.3939	36.2251	
160.185	225.95	30.4	0.42725	2.92998	37.0973	38.6936	36.525	
161.162	225.89	30.46	0.42725	0	37.3967	38.9908	36.8257	
162.13	224.99	31.59	0.427633	0.230011	37.6911	39.2852	37.1204	
163.123	226.38	31.71	0.43015	1.51001	37.9905	39.5852	37.3876	
164.175	229.29	32.3	0.435983	3.5	38.2906	39.8843	37.4923	
165.106	229.29	32.3	0.435983	0	38.5877	40.1855	37.5041	
166.272	232.21	32.64	0.441417	3.26327	38.8832	40.4843	37.5649	
167.376	232.21	32.65	0.441433	0.00996928	39.1807	40.7837	37.81	
168.163	232.55	32.94	0.442483	0.630635	39.4779	41.084	38.1011	
169.249	232.54	32.95	0.442483	0	39.7818	41.3253	38.4017	
170.11	232.7	33.11	0.443017	0.319338	40.0821	41.4256	38.7009	
171.157	232.69	33.12	0.443017	3.05787e-05	40.3803	41.4885	39.0008	
172.106	232.65	33.37	0.443367	0.209991	40.6727	41.5577	39.2993	
173.113	232.63	33.39	0.443367	0	40.9644	41.5751	39.5965	
174.157	232.61	33.46	0.44345	0.0499878	41.1967	41.6496	39.8912	
175.25	232.99	33.49	0.444133	0.409185	41.3695	41.9349	40.1865	
176.11	232.98	33.56	0.444233	0.0601178	41.6756	42.2403	40.4927	
177.079	233.05	33.64	0.444483	0.150024	41.9738	42.539	40.7914	
178.168	233.08	33.7	0.444633	0.0899963	42.2739	42.8396	41.0907	
179.131	233.84	33.81	0.446083	0.867393	42.5677	43.1356	41.384	
180.189	233.84	33.81	0.446083	0	42.8734	43.4348	41.6882	
181.181	234.17	33.95	0.446867	0.469532	43.1695	43.7297	41.9864	
182.153	234.17	33.95	0.446867	0	43.4719	44.0292	42.2802	
183.227	234.79	34.03	0.448033	0.701415	43.7698	44.3256	42.5813	
184.189	234.79	34.03	0.448033	0	44.065	44.6097	42.8802	
185.196	238.82	33.99	0.454683	3.98203	44.2946	44.908	43.1786	
186.183	238.82	33.99	0.454683	0	44.5096	45.2058	43.4784	
187.173	246.26	34.88	0.468567	8.32999	44.8108	45.501	43.7748	
188.227	246.26	34.88	0.468567	0	45.1093	45.8002	44.0759	
189.281	252.37	36.21	0.480967	7.44	45.4071	46.099	44.3761	
190.158	252.37	36.21	0.480967	0	45.6963	46.3909	44.6728	
191.156	257.56	37.18	0.491233	6.14771	45.8585	46.6911	44.9733	
192.166	257.56	37.18	0.491233	0	46.136	46.9904	45.2668	
193.173	258.04	37.81	0.493083	1.1111	46.4428	47.2894	45.5712	
194.184	258.04	37.81	0.493083	0	46.7426	47.5848	45.869	
195.098	258.57	38.4	0.49495	1.12224	47.0409	47.8866	46.1653	
196.159	258.57	38.4	0.49495	0	47.3379	48.1848	46.4632	
197.169	258.39	38.75	0.495233	0.170525	47.6359	48.48	46.7603	
198.167	258.39	38.75	0.495233	0	47.9337	48.7448	47.0591	
199.162	258.3	39.07	0.495617	0.227959	48.2415	48.9634	47.3669	
200.085	258.3	39.07	0.495617	0	48.5357	49.1237	47.662	
201.093	258.34	39.38	0.4962	0.350356	48.8338	49.2051	47.9608	
202.13	258.65	39.42	0.496783	0.344834	49.1395	49.2051	48.2674	
203.082	258.62	39.74	0.497267	0.294394	49.4319	49.2051	48.562	
204.212	259.18	39.87	0.498417	0.690002	49.7308	49.275	48.862	
205.129	263.6	40.82	0.507367	5.37	50.0256	49.4766	49.1611	
206.142	263.6	40.82	0.507367	0	50.2103	49.7624	49.4585	
207.135	272.19	41.57	0.522933	9.34003	50.3116	50.0606	49.7557	
208.202	272.19	41.57	0.522933	0	50.3712	50.3553	50.0518	
209.092	273.06	41.61	0.52445	0.910915	50.3926	50.6501	50.3484	
210.181	273.11	41.63	0.524567	0.0700468	50.4532	50.9495	50.6497	
211.185	275.12	41.72	0.528067	2.09791	50.5904	51.2483	50.9474	
212.114	275.32	41.82	0.528567	0.300288	50.8873	51.5467	51.2471	
213.249	283.06	42.45	0.542517	8.37003	51.1869	51.8447	51.5452	
214.193	283.09	42.54	0.542717	0.119995	51.4829	52.1434	51.8405	
215.158	283.13	43.09	0.5437	0.589966	51.7837	52.439	52.1423	
216.152	283.85	43.48	0.54555	1.10891	52.0766	52.7317	52.4372	
217.151	283.85	43.48	0.54555	0	52.3802	52.9293	52.742	
218.215	284.04	43.7	0.546233	0.410004	52.6794	52.9867	53.0413	
219.077	284.04	43.7	0.546233	0	52.9746	53.0492	53.3416	
220.163	285.14	43.93	0.54845	1.32469	53.271	53.2363	53.6374	
221.121	285.14	43.93	0.54845	0	53.5716	53.5307	53.938	
222.15	290.39	45.44	0.559717	6.76678	53.864	53.8312	54.2362	
223.217	290.39	45.44	0.559717	0	54.1587	54.131	54.5332	
224.296	291.75	45.54	0.56215	1.46002	54.4568	54.4297	54.8301	
225.081	291.75	45.54	0.56215	0	54.754	54.7317	55.1284	
226.339	293.56	46.24	0.566333	2.51753	55.0564	55.0232	55.4283	
227.182	293.56	46.24	0.566333	0	55.356	55.3227	55.7292	
228.205	296.29	47.46	0.572917	3.9421	55.6521	55.6191	55.9199	
229.205	296.29	47.46	0.572917	0	55.8157	55.9224	56.1295	
230.144	295.8	48.05	0.573083	0.100137	55.8157	56.2167	56.4247	
231.2	295.8	48.05	0.573083	0	55.8157	56.5147	56.726	
232.209	295.68	48.21	0.57315	0.0399381	55.8697	56.8054	57.0199	
233.148	295.64	48.31	0.57325	0.0599976	55.9348	57.1087	57.3211	
234.138	295.54	48.47	0.57335	0.0600576	56.1952	57.406	57.6236	
235.199	295.53	48.5	0.573383	0.0200195	56.4917	57.6569	57.919	
236.239	295.41	48.66	0.57345	0.0399686	56.7871	57.7026	58.2153	
237.153	295.41	48.68	0.573483	0.019989	57.0861	57.7344	58.5201	
238.14	295.41	48.68	0.573483	0	57.3821	57.9083	58.7417	
