Time	Free (m^2)	Occupied(m^2)	Explored Ratio	Explore Rate (m^2/s)	r1 dist (m)	r2 dist (m)	r3 dist (m)	
2.935	94.1	5.63	0.265947	49865	0	0	0	
4.018	94.1	5.63	0.265947	0	0	0	0	
5.092	94.1	5.63	0.265947	0	0	0	0	
6.178	94.1	5.63	0.265947	0	0	0	0	
6.989	94.1	5.63	0.265947	0	0	0	0	
7.954	94.1	5.63	0.265947	0	0	0	0	
8.934	94.1	5.63	0.265947	0	0	0	1.76022e-19	
9.985	108.77	5.95	0.30592	14.99	0.0216815	0.0397896	0.0608272	
11.008	108.77	5.95	0.30592	0	0.243312	0.138192	0.219061	
12.052	159.84	7.88	0.447253	52.9471	0.529382	0.425193	0.231674	
13.045	159.84	7.88	0.447253	0	0.6373	0.710516	0.252645	
14.107	163.76	9.91	0.46312	5.95	0.828431	1.01114	0.389006	
15.127	163.76	9.91	0.46312	0	1.12393	1.28153	0.615694	
16.143	164.05	10.12	0.464453	0.5	1.36242	1.57426	0.823445	
17.045	164.05	10.12	0.464453	0	1.55371	1.86552	0.947143	
18.06	165.56	11.05	0.47096	2.44244	1.85294	1.99818	1.23832	
19.082	165.56	11.05	0.47096	0	2.15168	2.0665	1.53766	
20.095	166.57	11.16	0.473947	1.12	2.44505	2.16413	1.834	
21.085	166.57	11.16	0.473947	0	2.74328	2.33074	2.12933	
22.12	168.76	11.59	0.480933	2.62	3.0391	2.62349	2.42308	
23.068	168.76	11.59	0.480933	0	3.33484	2.92017	2.72223	
24.076	170.21	11.98	0.48584	1.84	3.63677	3.2198	3.023	
25.053	170.21	11.98	0.48584	0	3.93266	3.51588	3.31962	
26.132	183.45	12.58	0.522747	13.84	4.16073	3.82113	3.62472	
27.104	183.67	12.58	0.523333	0.220001	4.24609	4.11656	3.9232	
28.054	187.75	12.77	0.53472	4.25723	4.31207	4.39602	4.22528	
29.165	187.75	12.77	0.53472	0	4.55704	4.69175	4.52348	
30.09	194.21	13.51	0.55392	7.17845	4.85235	4.98654	4.82498	
31.093	194.21	13.51	0.55392	0	5.1498	5.2824	5.12071	
32.085	196.84	14.03	0.56232	3.15001	5.44646	5.57486	5.41924	
33.086	199.97	14.03	0.570667	3.13	5.74402	5.87822	5.72251	
34.217	199.97	14.03	0.570667	0	6.03576	6.17282	6.01977	
35.073	202.97	14.61	0.580213	3.58	6.33753	6.47218	6.32124	
36.14	202.91	14.67	0.580213	0	6.63901	6.77386	6.62073	
37.067	207.29	14.91	0.592533	4.62	6.93602	7.06554	6.91923	
38.161	207.29	14.91	0.592533	0	7.2384	7.36	7.22161	
39.064	212.95	15.11	0.60816	5.86	7.32035	7.65971	7.51921	
40.097	212.95	15.11	0.60816	0	7.38769	7.87031	7.81921	
41.011	221.46	15.49	0.631867	8.89001	7.46863	7.92291	8.11823	
42.06	221.46	15.49	0.631867	0	7.73887	8.02276	8.41791	
43.181	230.09	16.75	0.65824	9.89988	8.03145	8.15679	8.71718	
44.109	230.09	16.75	0.65824	0	8.32481	8.45392	9.01151	
45.085	233.81	17.59	0.6704	4.56	8.62407	8.74904	9.27499	
45.998	233.81	17.59	0.6704	0	8.92091	8.78773	9.27499	
47.029	235.48	17.98	0.675893	2.06	9.21877	8.81831	9.42858	
48.085	235.48	17.98	0.675893	0	9.51539	9.06132	9.72583	
49.084	243.97	18.43	0.699733	8.94002	9.79792	9.35545	10.0184	
50.051	243.97	18.43	0.699733	0	10.098	9.65443	10.3184	
51.017	245.62	18.7	0.704853	1.91998	10.3983	9.95374	10.5922	
52.215	245.62	18.7	0.704853	0	10.6959	10.2532	10.7287	
53.15	246.76	19.1	0.70896	1.54001	10.9902	10.5513	11.0166	
54.025	246.76	19.1	0.70896	0	11.2874	10.8491	11.3133	
55.129	247.53	19.91	0.713173	1.57999	11.586	11.1403	11.6104	
55.986	247.53	19.91	0.713173	0	11.8838	11.4397	11.9093	
57.106	248.11	19.94	0.7148	0.610016	12.1843	11.7382	12.2086	
58.094	248.11	19.94	0.7148	0	12.4843	12.0375	12.4243	
59.158	249	20	0.717333	0.95864	12.7846	12.3322	12.544	
60.026	249	20	0.717333	0	13.081	12.6313	12.8376	
61.027	249	20	0.717333	0	13.3818	12.9245	13.1327	
62.084	250.14	20.19	0.72088	1.32999	13.6811	13.2277	13.4341	
63.041	250.14	20.19	0.72088	0	13.9795	13.5262	13.732	
64.135	257.02	20.65	0.740453	7.34	14.2808	13.8286	14.031	
65.097	257.02	20.65	0.740453	0	14.5802	14.1292	14.3292	
66.08	259.51	20.74	0.747333	2.58516	14.8788	14.4271	14.6246	
66.949	259.48	20.92	0.747733	0.149875	15.1765	14.725	14.9198	
68.177	259.48	20.92	0.747733	0	15.4774	15.0259	15.2179	
69.115	259.48	20.92	0.747733	0	15.7741	15.3232	15.5159	
70.06	259.36	21.14	0.748	0.100006	16.075	15.625	15.8125	
71.079	259.36	21.14	0.748	0	16.3732	15.9271	16.1119	
71.992	259.38	21.4	0.748747	0.279968	16.6756	16.2277	16.414	
73.149	259.38	21.4	0.748747	0	16.9738	16.5259	16.7125	
74.12	259.4	21.58	0.74928	0.200043	17.2728	16.8251	17.0145	
75.051	259.4	21.58	0.74928	0	17.5743	17.1266	17.3142	
76.15	259.44	21.74	0.749813	0.199982	17.8733	17.4227	17.6129	
77.096	259.44	21.74	0.749813	0	18.1736	17.723	17.9132	
78.036	259.55	21.86	0.750427	0.229095	18.4721	18.0236	18.211	
79.041	259.55	21.86	0.750427	0	18.7727	18.3254	18.5063	
80.033	259.83	22.2	0.75208	0.614465	19.0715	18.623	18.7988	
81.103	259.83	22.2	0.75208	0	19.3634	18.9128	19.0927	
82.203	259.92	22.6	0.753387	0.490481	19.6708	19.218	19.1827	
83.077	259.92	22.6	0.753387	0	19.971	19.5204	19.4037	
84.069	259.92	22.6	0.753387	0	20.0822	19.8163	19.6969	
85.175	259.92	22.6	0.753387	0	20.3554	20.119	19.8392	
86.108	260.97	23.04	0.75736	1.49002	20.655	20.4166	20.1125	
86.966	260.97	23.04	0.75736	0	20.9531	20.7148	20.4096	
88.03	261.52	23.1	0.758987	0.612435	21.2546	21.0144	20.5163	
89.045	261.52	23.1	0.758987	0	21.5528	21.3135	20.7726	
89.976	261.98	23.16	0.760373	0.519989	21.8543	21.5961	21.0716	
91.035	261.98	23.16	0.760373	0	22.1532	21.7053	21.367	
92.09	261.74	23.1	0.759573	-0.300288	22.4535	21.7596	21.6641	
93.12	262.86	23.18	0.762773	1.19759	22.7511	21.8118	21.962	
94.07	264.5	23.38	0.76768	1.84371	23.049	21.8641	22.2613	
95.12	264.49	23.39	0.76768	0	23.3425	21.9195	22.5585	
96.118	267.3	23.93	0.776613	3.35669	23.6369	22.045	22.8627	
97.097	267.28	23.95	0.776613	3.04871e-05	23.9381	22.3416	23.1615	
98.101	272.53	24.92	0.7932	6.22	24.2269	22.635	23.4597	
99.049	272.53	24.92	0.7932	0	24.4474	22.9306	23.7605	
100.046	272.75	25.1	0.794267	0.399994	24.5365	23.2316	24.0583	
101.034	272.7	25.36	0.794827	0.209155	24.6031	23.5	24.3434	
102.02	272.7	25.36	0.794827	0	24.664	23.6473	24.6347	
103.058	272.6	25.49	0.794907	0.0299683	24.7155	23.9213	24.8932	
103.997	272.6	25.49	0.794907	0	24.7673	24.2261	25.1917	
104.991	272.51	25.61	0.794987	0.0300594	24.8217	24.5254	25.491	
105.985	272.51	25.61	0.794987	0	24.8853	24.8242	25.7872	
107.278	272.3	25.83	0.795013	0.00997925	25.1215	25.1251	26.0861	
107.987	272.3	25.83	0.795013	0	25.1688	25.4234	26.3774	
109.099	272.2	25.97	0.79512	0.0400486	25.3016	25.7212	26.6736	
110.154	272.2	25.97	0.79512	0	25.6014	26.0244	26.9745	
111.1	272.26	25.98	0.795307	0.0700073	25.899	26.3211	27.2678	
111.985	272.26	25.98	0.795307	0	26.1978	26.6134	27.566	
113.001	272.18	26.16	0.795573	0.0998065	26.4987	26.9095	27.8668	
114.032	272.18	26.16	0.795573	0	26.7969	27.2079	28.1625	
115.073	272.32	26.25	0.796187	0.230672	27.0947	27.5024	28.4613	
116.076	272.32	26.25	0.796187	0	27.3941	27.7973	28.7607	
117.207	272.11	26.47	0.796213	0.00991066	27.6853	28.0983	29.0396	
117.989	272.11	26.47	0.796213	0	27.9799	28.3946	29.3405	
119.075	273.66	26.76	0.80112	1.84003	28.2755	28.688	29.6375	
120.074	273.66	26.76	0.80112	0	28.5748	28.9805	29.9362	
121.108	274.8	26.87	0.804453	1.24623	28.8743	29.2272	30.2383	
122.031	274.8	26.87	0.804453	0	29.1667	29.4238	30.5343	
122.989	274.82	27.16	0.80528	0.30907	29.4693	29.5702	30.8379	
124.066	274.82	27.16	0.80528	0	29.7655	29.6667	31.1361	
125.017	274.72	27.26	0.80528	3.05787e-05	30.065	29.7145	31.4376	
126.054	274.72	27.26	0.80528	0	30.1877	29.7192	31.7382	
127.001	274.68	27.32	0.805333	0.019989	30.1877	29.7192	32.0358	
128.071	274.68	27.32	0.805333	0	30.3262	29.7208	32.3391	
129.032	274.68	27.32	0.805333	0	30.6024	29.7557	32.6364	
130.055	274.68	27.32	0.805333	0	30.823	29.8609	32.9355	
131.083	274.66	27.34	0.805333	0	31.0328	30.1466	33.2382	
132.15	274.66	27.34	0.805333	0	31.3318	30.4441	33.5364	
133.176	274.66	27.34	0.805333	0	31.5511	30.7438	33.8391	
134.083	274.65	27.35	0.805333	0	31.7513	31.0456	34.1322	
135.314	274.65	27.35	0.805333	0	32.0552	31.3348	34.4343	
136.101	274.63	27.37	0.805333	-3.05481e-05	32.353	31.6346	34.7373	
137.079	274.63	27.37	0.805333	0	32.5454	31.9324	35.0366	
138.026	274.72	27.79	0.806693	0.51004	32.6125	32.2276	35.3384	
139.048	274.69	27.83	0.80672	0.00995933	32.6435	32.5275	35.6345	
140.036	274.63	27.91	0.806773	0.0200291	32.6435	32.8261	35.9284	
141.127	274.63	27.91	0.806773	0	32.6435	33.1229	36.2305	
142.048	274.61	27.95	0.806827	0.0200195	32.6655	33.4235	36.532	
143.122	274.61	27.95	0.806827	0	32.7729	33.7262	36.8341	
144.121	274.54	28.26	0.807467	0.240712	33.0588	34.0211	37.1299	
145.102	274.54	28.26	0.807467	0	33.3568	34.3227	37.432	
146.005	274.46	28.34	0.807467	0	33.6542	34.6196	37.7308	
147.018	274.46	28.34	0.807467	0	33.9543	34.918	38.0323	
148.048	274.5	28.36	0.807627	0.0600281	34.2527	35.2209	38.3329	
149.001	274.5	28.36	0.807627	0	34.5509	35.5194	38.6317	
150.044	275.31	28.5	0.81016	0.954755	34.8508	35.8183	38.929	
151.067	275.31	28.5	0.81016	0	35.1499	36.116	39.2308	
152.048	276.85	28.7	0.8148	1.73825	35.4495	36.4132	39.5305	
153.082	276.85	28.7	0.8148	0	35.748	36.7112	39.8317	
153.952	278.71	29.02	0.820613	2.18436	36.0477	37.0047	40.1314	
155.203	278.71	29.02	0.820613	0	36.3456	37.3028	40.4308	
156.078	280.48	29.32	0.826133	2.06176	36.646	37.6038	40.7343	
157.108	280.48	29.32	0.826133	0	36.939	37.8974	41.0292	
158.089	280.48	29.49	0.826587	0.168634	37.2378	38.1962	41.3325	
159.101	280.48	29.49	0.826587	0	37.5323	38.4929	41.6331	
160.039	280.95	29.55	0.828	0.529469	37.8351	38.7934	41.9276	
161.141	280.95	29.55	0.828	0	38.1368	39.0948	42.2294	
162.05	281.37	29.74	0.829627	0.610016	38.435	39.393	42.5267	
163.098	281.39	29.77	0.82976	0.049888	38.7302	39.6939	42.8219	
164.064	281.39	29.77	0.82976	0	39.0341	39.9912	43.1252	
165.223	285.43	30.84	0.843387	5.09473	39.3332	40.2884	43.4243	
166.124	285.43	30.84	0.843387	0	39.6365	40.5878	43.7229	
167.084	294.9	31.44	0.87024	10.07	39.9314	40.8872	44.012	
168.046	294.9	31.44	0.87024	0	40.235	41.1872	44.3133	
169.095	298.46	31.87	0.88088	3.99799	40.5323	41.4857	44.6101	
169.955	298.46	31.87	0.88088	0	40.832	41.7814	44.9031	
171.066	299.41	31.83	0.883307	0.906409	41.1347	42.0798	45.2026	
172.14	299.41	31.83	0.883307	0	41.4332	42.3782	45.4966	
172.972	299.24	32.16	0.883733	0.159973	41.7368	42.6781	45.7939	
174.125	299.24	32.16	0.883733	0	42.0349	42.976	45.9343	
175.216	299.23	32.19	0.883787	0.019989	42.3349	43.2743	45.9344	
176.15	299.23	32.19	0.883787	0	42.6322	43.5716	45.9344	
177.27	299.14	32.3	0.88384	0.019989	42.9346	43.8705	45.9344	
178.056	299.14	32.3	0.88384	0	43.2237	44.1697	46.0596	
179.115	303.63	32.95	0.897547	5.14005	43.5174	44.4665	46.3455	
180.183	303.63	32.95	0.897547	0	43.8148	44.7675	46.6419	
181.082	312.48	33.58	0.922827	9.48944	44.1151	45.07	46.9394	
182.04	312.48	33.58	0.922827	0	44.411	45.368	47.2368	
183.058	315.71	34.29	0.933333	3.94003	44.708	45.663	47.5372	
Free:	329.92	occupied:	45.08	total:	375
