Time	Free (m^2)	Occupied(m^2)	Explored Ratio	Explore Rate (m^2/s)	r1 dist (m)	r2 dist (m)	r3 dist (m)	
1.817	93.61	5.57	0.26448	49590	0	0	0	
2.866	94.07	5.58	0.265733	0.470472	0	0	0	
3.796	94.27	5.65	0.266453	0.270267	0	0	0	
4.911	94.27	5.65	0.266453	0	0	0	0	
5.831	94.27	5.65	0.266453	0	0	0	0	
6.793	94.27	5.65	0.266453	0	0	0	0	
7.841	94.27	5.65	0.266453	0	0	0	0	
8.78	94.27	5.65	0.266453	0	0	0	0	
9.759	94.27	5.65	0.266453	0	0	0	0.00171788	
10.74	94.27	5.65	0.266453	0	0	0	0.0946146	
11.795	117.43	7.09	0.332053	24.6	6.13945e-20	0	0.259662	
12.741	117.43	7.09	0.332053	0	7.56786e-19	0.0166574	0.537261	
13.959	152.89	9.6	0.433307	38.0461	1.27022e-18	0.105294	0.827745	
14.843	152.89	9.6	0.433307	0	0.0370033	0.336656	0.940797	
15.87	153.43	10.23	0.436427	1.17115	0.0989639	0.605516	0.986504	
16.809	153.43	10.23	0.436427	0	0.230891	0.763193	1.22683	
17.84	156.06	11.45	0.446693	3.84616	0.332631	0.891211	1.52538	
18.896	156.06	11.45	0.446693	0	0.585974	0.957621	1.82157	
19.982	164.18	11.81	0.469307	8.47152	0.887777	1.00851	2.1211	
20.845	164.18	11.81	0.469307	0	1.18453	1.06474	2.26255	
21.859	168.94	12.09	0.482747	5.04505	1.47988	1.12676	2.4895	
22.898	168.94	12.09	0.482747	0	1.77604	1.20062	2.78908	
24.003	169.67	12.02	0.484507	0.660004	2.0736	1.45766	3.09131	
24.843	170.73	12.06	0.48744	1.09889	2.37254	1.75403	3.38617	
25.85	172.89	12.32	0.493893	2.42001	2.61186	2.05589	3.68956	
26.834	174.15	12.4	0.497467	1.34132	2.80753	2.35434	3.98743	
27.801	175.32	12.73	0.501467	1.5	3.10849	2.65614	4.28595	
28.773	176.6	12.76	0.50496	1.31	3.40717	2.95436	4.58523	
29.908	177.65	12.91	0.50816	1.20001	3.59259	3.25247	4.88157	
30.838	179.38	13.09	0.513253	1.91	3.59259	3.55424	5.18115	
31.894	180.73	13.13	0.51696	1.39	3.66091	3.84786	5.47633	
32.85	183.11	13.26	0.523653	2.50749	3.93103	4.14957	5.78052	
33.844	190.2	14.07	0.54472	7.90792	4.2242	4.44759	6.07692	
34.827	192.99	14.32	0.552827	3.04001	4.52516	4.74968	6.37711	
35.843	193.93	14.53	0.555893	1.14883	4.82574	5.04877	6.67281	
37.005	197.93	14.81	0.567307	4.27146	5.12121	5.3444	6.97191	
37.926	198.87	14.81	0.569813	0.942831	5.42264	5.57179	7.26791	
38.902	205.26	15.45	0.58856	7.03	5.71896	5.57937	7.54059	
39.778	205.26	15.45	0.58856	0	6.0208	5.73559	7.65145	
40.858	217.35	16.14	0.62264	12.7672	6.31944	6.02482	7.70459	
41.808	217.35	16.14	0.62264	0	6.61208	6.31696	7.75924	
42.981	220.85	16.29	0.632373	3.64635	6.91328	6.61551	7.81121	
43.815	220.85	16.29	0.632373	0	7.21056	6.91653	7.8637	
44.829	225.17	16.5	0.644453	4.53	7.50801	7.21334	7.91459	
45.83	225.17	16.5	0.644453	0	7.79541	7.51633	7.96563	
46.895	233.82	17.23	0.669467	9.38	7.873	7.81453	8.08296	
47.783	233.82	17.23	0.669467	0	7.91346	8.1123	8.36144	
48.935	242.82	17.95	0.695387	9.71029	8.13554	8.41131	8.48225	
49.812	242.82	17.95	0.695387	0	8.4291	8.70816	8.67909	
50.874	250.89	18.52	0.718427	8.63135	8.72762	9.0077	8.79571	
51.741	250.89	18.52	0.718427	0	9.00634	9.3051	9.02434	
52.77	255.05	18.8	0.730267	4.46231	9.29635	9.60779	9.32421	
54.081	254.95	18.9	0.730267	0	9.59783	9.90681	9.62106	
54.914	255.09	18.91	0.730667	0.149994	9.89675	10.1593	9.92094	
55.825	254.94	19.06	0.730667	3.04871e-05	10.1918	10.1593	10.2181	
56.872	254.84	19.21	0.7308	0.0500378	10.4258	10.1832	10.5172	
57.843	254.76	19.6	0.731627	0.309998	10.4258	10.3314	10.8187	
58.789	255.46	20.15	0.73496	1.25	10.4258	10.6255	11.1187	
59.872	255.46	20.22	0.735147	0.0697284	10.4258	10.8673	11.4178	
60.775	255.42	20.28	0.7352	0.0200693	10.4258	10.8673	11.6297	
61.859	255.42	20.32	0.735307	0.0400085	10.4258	11.0306	11.6297	
62.849	255.37	20.37	0.735307	0	10.4435	11.3295	11.6297	
64.064	255.37	20.37	0.735307	0	10.4542	11.6258	11.666	
64.93	255.36	20.41	0.735387	0.0300288	10.5995	11.9246	11.9167	
65.803	255.99	20.44	0.737147	0.660664	10.8811	12.2246	12.2197	
66.862	261.03	20.97	0.752	5.57001	11.1749	12.5258	12.516	
67.966	261.03	20.99	0.752053	0.019989	11.4724	12.8216	12.8159	
68.976	261.28	21.27	0.753467	0.529469	11.7734	13.1218	13.1161	
69.854	261.26	21.3	0.753493	0.00998924	12.0713	13.4196	13.4146	
70.847	261.28	21.46	0.753973	0.179843	12.3688	13.7184	13.7172	
71.901	263.76	21.56	0.760853	2.5646	12.6676	14.0177	14.0129	
72.926	263.93	21.58	0.76136	0.191342	12.9693	14.3151	14.3103	
73.879	264.83	21.89	0.764587	1.21002	13.2684	14.612	14.6054	
74.907	265.02	21.89	0.765093	0.189434	13.5677	14.9141	14.9038	
75.812	265.02	21.94	0.765227	0.0501382	13.865	15.2099	15.1994	
76.86	265.35	22.09	0.766507	0.47998	14.1659	15.5098	15.4979	
77.812	265.36	22.17	0.766747	0.0900269	14.4631	15.8071	15.7902	
78.912	265.75	22.29	0.768107	0.5095	14.7634	16.1092	16.0951	
79.866	265.75	22.31	0.76816	0.019989	15.0601	16.4107	16.3919	
80.827	265.83	22.43	0.768693	0.200182	15.3655	16.7101	16.6945	
81.821	265.83	22.43	0.768693	0	15.6615	17.0075	16.9939	
82.805	265.83	22.43	0.768693	0	15.9633	17.308	17.2954	
83.747	265.83	22.45	0.768747	0.0200195	16.2602	17.608	17.5936	
84.868	265.83	22.51	0.768907	0.0599376	16.5614	17.9062	17.8945	
85.82	265.83	22.55	0.769013	0.040018	16.8599	18.2035	18.1901	
86.993	265.85	22.59	0.769173	0.0599976	17.1116	18.504	18.4882	
87.843	266.32	23.79	0.773627	1.67001	17.3065	18.8033	18.7895	
88.888	266.32	23.79	0.773627	0	17.6021	19.1017	19.0868	
89.849	274.74	24.31	0.797467	8.94	17.9021	19.3925	19.3857	
90.953	274.74	24.35	0.797573	0.0400085	18.2022	19.6867	19.6873	
91.888	284.27	24.84	0.824293	10.02	18.5004	19.9819	19.9827	
92.887	284.27	24.86	0.824347	0.0200195	18.5703	20.2848	20.2821	
93.805	291.11	25.45	0.84416	7.40777	18.7444	20.5754	20.5809	
94.847	291.11	25.63	0.84464	0.180534	19.0384	20.873	20.8799	
96.026	291.2	25.93	0.84568	0.389984	19.3372	21.1745	21.1811	
96.915	291.24	26.01	0.846	0.120026	19.6373	21.4688	21.4818	
97.841	291.73	26.23	0.847893	0.709991	19.9352	21.7644	21.7798	
98.846	291.21	26.85	0.84816	0.100006	20.2312	22.0643	22.0801	
100.069	291.21	26.88	0.84824	0.0299688	20.5319	22.3557	22.38	
100.814	293.19	27.24	0.85448	2.34234	20.8298	22.6571	22.6789	
102.051	293.25	27.33	0.85488	0.149695	21.1289	22.9525	22.9751	
102.799	295.13	27.59	0.860587	2.14001	21.4279	23.2505	23.2712	
103.862	295.57	27.8	0.86232	0.651266	21.7233	23.5477	23.5681	
104.813	296.4	27.9	0.8648	0.930023	22.0231	23.7652	23.8664	
105.829	297.07	28.03	0.866933	0.797595	22.3212	23.7698	24.1624	
106.831	297	28.16	0.867093	0.0598485	22.6231	23.8174	24.4659	
107.903	298.18	28.48	0.871093	1.50905	22.9203	23.9721	24.7654	
108.879	298.16	28.5	0.871093	0	23.2224	24.2674	25.0645	
109.851	298.78	28.68	0.873227	0.799988	23.5198	24.5636	25.2098	
110.844	298.81	28.87	0.873813	0.220001	23.8181	24.8635	25.4709	
111.9	302.49	29.24	0.884613	4.04999	24.116	25.1612	25.7653	
112.866	302.32	29.47	0.884773	0.0599976	24.4104	25.457	26.0212	
113.781	303.28	30.21	0.889307	1.70001	24.7109	25.7615	26.1354	
115.009	303.16	30.33	0.889307	3.04263e-05	25.0089	26.0567	26.1895	
115.93	303.16	30.33	0.889307	0	25.3088	26.3576	26.2427	
116.799	303.68	30.89	0.892187	1.08541	25.6021	26.6597	26.3376	
117.947	303.7	30.87	0.892187	-3.05481e-05	25.8242	26.9566	26.6081	
118.884	303.46	31.11	0.892187	3.05176e-05	25.9821	27.2582	26.9056	
119.777	303.65	31.21	0.89296	0.289978	26.2713	27.5454	27.1993	
120.813	307.44	31.57	0.904027	4.14588	26.5707	27.8435	27.4078	
121.891	307.26	31.75	0.904027	-3.05176e-05	26.8746	28.1466	27.5041	
122.988	309.35	31.81	0.90976	2.13296	27.1724	28.4418	27.7986	
123.856	309.31	31.85	0.90976	0	27.4745	28.7423	28.0971	
124.828	309.96	32.29	0.912667	1.08891	27.7738	29.0405	28.4004	
125.931	309.96	32.29	0.912667	0	28.0713	29.3393	28.6969	
126.881	312.09	32.91	0.92	2.75	28.3699	29.6402	28.9958	
127.872	312.09	32.91	0.92	0	28.6648	29.9314	29.2942	
128.841	318.26	32.99	0.936667	6.30037	28.9691	30.2356	29.5919	
Free:	329.92	occupied:	45.08	total:	375
