Time	Free (m^2)	Occupied(m^2)	Explored Ratio	Explore Rate (m^2/s)	r1 dist (m)	r2 dist (m)	r3 dist (m)	
2.065	133.86	3.02	0.365013	136880	0	0	0	
3.253	133.8	3.08	0.365013	-1.52741e-05	0	0	0	
4.276	133.8	3.08	0.365013	0	0	0	0	
5.039	133.77	3.11	0.365013	0	0	0	0	
6.137	133.77	3.11	0.365013	0	0	0	0	
7.002	133.77	3.11	0.365013	0	0	0	0	
7.945	133.77	3.11	0.365013	0	0	0	0	
9.048	152.48	3.33	0.415493	18.93	0.0254561	0.129981	0	
9.993	152.48	3.33	0.415493	0	0.0787612	0.413275	0.129159	
11.173	176.59	6.81	0.489067	27.5075	0.243292	0.702482	0.412512	
12.117	179.79	8.58	0.50232	4.97498	0.532547	1.00382	0.711389	
13.012	199.25	9.46	0.55656	20.3808	0.827766	1.29884	0.973078	
14.135	202.25	10.15	0.5664	3.68262	1.12429	1.59828	1.13068	
15.138	202.23	10.17	0.5664	0	1.42357	1.89866	1.21206	
16.109	209.79	10.9	0.588507	8.28999	1.72091	2.18443	1.21206	
17.16	209.79	10.9	0.588507	0	1.83858	2.48386	1.2248	
18.071	225.41	11.41	0.63152	16.13	1.91226	2.78384	1.38983	
19.13	225.41	11.41	0.63152	0	2.19963	3.08226	1.67786	
20.074	252.2	12.43	0.70568	27.81	2.49872	3.37823	1.97677	
21.237	252.2	12.43	0.70568	0	2.80172	3.67854	2.27636	
22.161	252.06	12.67	0.705947	0.100006	3.1005	3.9769	2.56886	
23.058	252.06	12.67	0.705947	0	3.39569	4.2733	2.86372	
24.265	251.78	13.08	0.706293	0.130005	3.69836	4.57482	3.16537	
25.037	251.78	13.08	0.706293	0	3.99835	4.87487	3.46627	
26.248	253.31	13.53	0.711573	1.98001	4.29793	5.17667	3.76747	
27.215	253.31	13.53	0.711573	0	4.59294	5.47546	4.06445	
28.115	253.34	13.57	0.71176	0.0700468	4.88768	5.77545	4.36684	
29.2	253.34	13.57	0.71176	0	5.19137	6.07693	4.66833	
30.091	253.26	13.75	0.712027	0.100037	5.47913	6.37688	4.96833	
31.071	253.26	13.75	0.712027	0	5.77329	6.67238	5.26382	
32.13	253.34	13.98	0.712853	0.309967	6.07613	6.97343	5.5686	
33.146	253.34	13.98	0.712853	0	6.37733	7.10783	5.86707	
34.083	253.46	14.39	0.714267	0.531091	6.67522	7.18286	6.16292	
35.085	253.46	14.39	0.714267	0	6.97522	7.27149	6.46038	
36.094	253.59	14.6	0.715173	0.340306	7.27522	7.29917	6.75792	
36.998	253.59	14.6	0.715173	0	7.57672	7.44293	7.05922	
38.017	263.46	14.81	0.742053	10.0699	7.87642	7.7322	7.35702	
39.216	263.46	14.81	0.742053	0	8.06954	7.86091	7.6564	
40.135	263.39	15	0.742373	0.119995	8.12759	7.98454	7.95477	
41.149	263.39	15	0.742373	0	8.1672	8.27788	8.25229	
42.103	263.27	15.12	0.742373	0	8.33895	8.57602	8.55425	
43.057	263.27	15.12	0.742373	0	8.63593	8.87555	8.84876	
44.108	263.2	15.19	0.742373	0	8.93178	9.17554	9.14656	
45.251	263.2	15.19	0.742373	0	9.23244	9.47702	9.44654	
46.052	263.03	15.36	0.742373	0	9.53	9.77667	9.74564	
47.375	263.03	15.36	0.742373	0	9.83508	10.083	10.0525	
48.219	263.03	15.36	0.742373	0	10.1267	10.3762	10.3477	
49.127	262.36	16.03	0.742373	0	10.4268	10.6747	10.6462	
50.085	262.37	16.05	0.742453	0.0299091	10.724	10.9729	10.9383	
51.164	262.36	16.06	0.742453	0	11.022	11.2749	11.2336	
52.171	262.36	16.06	0.742453	0	11.3241	11.5694	11.5338	
53.228	262.3	16.15	0.742533	0.0299688	11.4389	11.8672	11.835	
54.134	262.3	16.15	0.742533	0	11.5667	12.1577	11.9493	
55.312	262.62	16.23	0.7436	0.399625	11.8699	12.4626	11.9493	
56.097	262.62	16.23	0.7436	0	12.1633	12.7547	11.9493	
57.213	262.77	16.52	0.744773	0.439972	12.4654	13.0581	12.0952	
58.123	262.77	16.52	0.744773	0	12.7622	13.3522	12.3919	
59.048	262.85	16.52	0.744987	0.0799866	13.054	13.6538	12.6919	
60.067	262.85	16.52	0.744987	0	13.3546	13.9553	12.991	
61.16	262.5	16.97	0.745253	0.100037	13.649	14.2545	13.2919	
62.084	262.5	16.97	0.745253	0	13.9473	14.5529	13.5892	
63.172	273.68	17.41	0.77624	11.5852	14.2433	14.8523	13.8895	
64.122	273.68	17.41	0.77624	0	14.54	15.1438	14.1892	
65.083	272.84	17.58	0.774453	-0.670654	14.8409	15.4398	14.4907	
66.051	272.84	17.58	0.774453	0	15.1345	15.7376	14.7849	
67.24	271.99	19.34	0.77688	0.905446	15.4362	16.0399	15.0775	
68.045	271.99	19.34	0.77688	0	15.7326	16.3366	15.3731	
69.109	277.71	18.9	0.79096	5.28	16.0359	16.6389	15.6754	
70.181	277.71	18.9	0.79096	0	16.3338	16.9365	15.9407	
71.155	278.85	18.83	0.793813	1.06998	16.6344	17.2359	16.1755	
72.144	285.55	19.17	0.812587	7.04004	16.9358	17.5359	16.4709	
73.134	287.1	19.39	0.817307	1.76999	17.2361	17.8344	16.768	
74.173	287.31	19.42	0.817947	0.240021	17.5337	18.1326	17.0651	
75.041	289.91	19.57	0.82528	2.75	17.8314	18.4296	17.3631	
76.164	289.56	20.2	0.826027	0.279999	18.124	18.7279	17.6633	
77.143	294.34	20.5	0.839573	5.07491	18.4224	19.0247	17.9639	
78.081	294.34	20.8	0.840373	0.300288	18.7206	19.3207	18.259	
79.16	294.34	20.8	0.840373	0	19.0227	19.6245	18.5628	
80.182	304.28	21.11	0.867707	10.25	19.3209	19.9208	18.8592	
81.195	304.28	21.11	0.867707	0	19.6191	20.2211	19.1603	
82.179	326.68	21.45	0.928347	22.74	19.9168	20.512	19.46	
